reachfim_interval,07140101,3629135,0.5,10
reachfim_interval,07140101,3629127,0.5,10
reachfim_interval,07140101,3629119,0.5,10
reachfim_interval,07140101,3629097,0.5,10
reachfim_interval,07140101,3629089,0.5,10
reachfim_interval,07140101,3627371,0.5,10
reachfim_interval,07140101,3634867,0.5,10
reachfim_interval,07140101,3629133,0.5,10
reachfim_interval,07140101,3629129,0.5,10
reachfim_interval,07140101,3627337,0.5,10
reachfim_interval,07140101,3627299,0.5,10
reachfim_interval,07140101,3627353,0.5,10
reachfim_interval,07140101,3627365,0.5,10
reachfim_interval,07140101,3627367,0.5,10
reachfim_interval,07140101,3627363,0.5,10
reachfim_interval,07140101,3627351,0.5,10
reachfim_interval,07140101,3627373,0.5,10
reachfim_interval,07140101,3628961,0.5,10
reachfim_interval,07140101,3627407,0.5,10
reachfim_interval,07140101,3627429,0.5,10
reachfim_interval,07140101,3627441,0.5,10
reachfim_interval,07140101,3627443,0.5,10
reachfim_interval,07140101,3627463,0.5,10
reachfim_interval,07140101,3627461,0.5,10
reachfim_interval,07140101,3627479,0.5,10
reachfim_interval,07140101,3627489,0.5,10
reachfim_interval,07140101,3627503,0.5,10
reachfim_interval,07140101,3627523,0.5,10
reachfim_interval,07140101,3627521,0.5,10
reachfim_interval,07140101,3627519,0.5,10
reachfim_interval,07140101,3628983,0.5,10
reachfim_interval,07140101,3627553,0.5,10
reachfim_interval,07140101,3627605,0.5,10
reachfim_interval,07140101,3627607,0.5,10
reachfim_interval,07140101,3627611,0.5,10
reachfim_interval,07140101,3627617,0.5,10
reachfim_interval,07140101,3627625,0.5,10
reachfim_interval,07140101,3627655,0.5,10
reachfim_interval,07140101,3627695,0.5,10
reachfim_interval,07140101,3627717,0.5,10
reachfim_interval,07140101,3627737,0.5,10
reachfim_interval,07140101,3627779,0.5,10
reachfim_interval,07140101,3627891,0.5,10
reachfim_interval,07140101,3627927,0.5,10
reachfim_interval,07140101,3627971,0.5,10
reachfim_interval,07140101,3628039,0.5,10
reachfim_interval,07140101,3628073,0.5,10
reachfim_interval,07140101,3628093,0.5,10
reachfim_interval,07140101,3628135,0.5,10
reachfim_interval,07140101,3628197,0.5,10
reachfim_interval,07140101,3628223,0.5,10
reachfim_interval,07140101,3628273,0.5,10
reachfim_interval,07140101,3628323,0.5,10
reachfim_interval,07140101,3628335,0.5,10
reachfim_interval,07140101,3628369,0.5,10
reachfim_interval,07140101,3628395,0.5,10
reachfim_interval,07140101,3628435,0.5,10
reachfim_interval,07140101,3628469,0.5,10
reachfim_interval,07140101,3629035,0.5,10
reachfim_interval,07140101,3628499,0.5,10
reachfim_interval,07140101,3628701,0.5,10
reachfim_interval,07140101,3628763,0.5,10
reachfim_interval,07140101,3628847,0.5,10
reachfim_interval,07140101,3627451,0.5,10
reachfim_interval,07140101,3629279,0.5,10
reachfim_interval,07140101,3627481,0.5,10
reachfim_interval,07140101,3627545,0.5,10
reachfim_interval,07140101,3627581,0.5,10
reachfim_interval,07140101,3627629,0.5,10
reachfim_interval,07140101,3627645,0.5,10
reachfim_interval,07140101,3627669,0.5,10
reachfim_interval,07140101,3627677,0.5,10
reachfim_interval,07140101,3627691,0.5,10
reachfim_interval,07140101,3627727,0.5,10
reachfim_interval,07140101,3627765,0.5,10
reachfim_interval,07140101,3627795,0.5,10
reachfim_interval,07140101,3629005,0.5,10
reachfim_interval,07140101,3627893,0.5,10
reachfim_interval,07140101,3627895,0.5,10
reachfim_interval,07140101,3627911,0.5,10
reachfim_interval,07140101,3627945,0.5,10
reachfim_interval,07140101,3628049,0.5,10
reachfim_interval,07140101,3628081,0.5,10
reachfim_interval,07140101,3628139,0.5,10
reachfim_interval,07140101,3628159,0.5,10
reachfim_interval,07140101,3628215,0.5,10
reachfim_interval,07140101,3628241,0.5,10
reachfim_interval,07140101,3628309,0.5,10
reachfim_interval,07140101,3628325,0.5,10
reachfim_interval,07140101,3628345,0.5,10
reachfim_interval,07140101,3628407,0.5,10
reachfim_interval,07140101,3628477,0.5,10
reachfim_interval,07140101,3628511,0.5,10
reachfim_interval,07140101,3628585,0.5,10
reachfim_interval,07140101,3628599,0.5,10
reachfim_interval,07140101,3628711,0.5,10
reachfim_interval,07140101,3628801,0.5,10
reachfim_interval,07140101,3628841,0.5,10
reachfim_interval,07140101,3630487,0.5,10
reachfim_interval,07140101,3627725,0.5,10
reachfim_interval,07140101,3627755,0.5,10
reachfim_interval,07140101,3627847,0.5,10
reachfim_interval,07140101,3628451,0.5,10
reachfim_interval,07140101,3628501,0.5,10
reachfim_interval,07140101,3628507,0.5,10
reachfim_interval,07140101,3628545,0.5,10
reachfim_interval,07140101,3628707,0.5,10
reachfim_interval,07140101,3627465,0.5,10
reachfim_interval,07140101,3627485,0.5,10
reachfim_interval,07140101,3627517,0.5,10
reachfim_interval,07140101,3627613,0.5,10
reachfim_interval,07140101,3627573,0.5,10
reachfim_interval,07140101,3627631,0.5,10
reachfim_interval,07140101,3627659,0.5,10
reachfim_interval,07140101,3627771,0.5,10
reachfim_interval,07140101,3627619,0.5,10
reachfim_interval,07140101,3627585,0.5,10
reachfim_interval,07140101,3627601,0.5,10
reachfim_interval,07140101,3627599,0.5,10
reachfim_interval,07140101,3627595,0.5,10
reachfim_interval,07140101,3627583,0.5,10
reachfim_interval,07140101,3627561,0.5,10
reachfim_interval,07140101,3627547,0.5,10
reachfim_interval,07140101,3627531,0.5,10
reachfim_interval,07140101,3627533,0.5,10
reachfim_interval,07140101,3627529,0.5,10
reachfim_interval,07140101,3628191,0.5,10
reachfim_interval,07140101,3628233,0.5,10
reachfim_interval,07140101,3628239,0.5,10
reachfim_interval,07140101,3628267,0.5,10
reachfim_interval,07140101,3628359,0.5,10
reachfim_interval,07140101,3628485,0.5,10
reachfim_interval,07140101,3628503,0.5,10
reachfim_interval,07140101,3628549,0.5,10
reachfim_interval,07140101,3628687,0.5,10
reachfim_interval,07140101,3628721,0.5,10
reachfim_interval,07140101,3628833,0.5,10
reachfim_interval,07140101,3630431,0.5,10
reachfim_interval,07140101,3630835,0.5,10
reachfim_interval,07140101,3627969,0.5,10
reachfim_interval,07140101,3628037,0.5,10
reachfim_interval,07140101,3628131,0.5,10
reachfim_interval,07140101,3628199,0.5,10
reachfim_interval,07140101,3628201,0.5,10
reachfim_interval,07140101,3627641,0.5,10
reachfim_interval,07140101,3627665,0.5,10
reachfim_interval,07140101,3628989,0.5,10
reachfim_interval,07140101,3627703,0.5,10
reachfim_interval,07140101,3627777,0.5,10
reachfim_interval,07140101,3627853,0.5,10
reachfim_interval,07140101,3627875,0.5,10
reachfim_interval,07140101,3627949,0.5,10
reachfim_interval,07140101,3628069,0.5,10
reachfim_interval,07140101,3627413,0.5,10
reachfim_interval,07140101,3627409,0.5,10
reachfim_interval,07140101,3628971,0.5,10
reachfim_interval,07140101,3627397,0.5,10
reachfim_interval,07140101,3628173,0.5,10
reachfim_interval,07140101,3629023,0.5,10
reachfim_interval,07140101,3628195,0.5,10
reachfim_interval,07140101,3628253,0.5,10
reachfim_interval,07140101,3628421,0.5,10
reachfim_interval,07140101,3627297,0.5,10
reachfim_interval,07140101,3627261,0.5,10
reachfim_interval,07140101,3627239,0.5,10
reachfim_interval,07140101,3627209,0.5,10
reachfim_interval,07140101,3627203,0.5,10
reachfim_interval,07140101,3627225,0.5,10
reachfim_interval,07140101,3627227,0.5,10
reachfim_interval,07140101,3627199,0.5,10
reachfim_interval,07140101,3627197,0.5,10
reachfim_interval,07140101,3627175,0.5,10
reachfim_interval,07140101,3627167,0.5,10
reachfim_interval,07140101,3627163,0.5,10
reachfim_interval,07140101,3627153,0.5,10
reachfim_interval,07140101,3628927,0.5,10
reachfim_interval,07140101,3627137,0.5,10
reachfim_interval,07140101,3627147,0.5,10
reachfim_interval,07140101,3627159,0.5,10
reachfim_interval,07140101,3627191,0.5,10
reachfim_interval,07140101,3627233,0.5,10
reachfim_interval,07140101,3627265,0.5,10
reachfim_interval,07140101,3627305,0.5,10
reachfim_interval,07140101,3627319,0.5,10
reachfim_interval,07140101,3628967,0.5,10
reachfim_interval,07140101,3627931,0.5,10
reachfim_interval,07140101,3628527,0.5,10
reachfim_interval,07140101,3629255,0.5,10
reachfim_interval,07140101,3628639,0.5,10
reachfim_interval,07140101,3628697,0.5,10
reachfim_interval,07140101,3628747,0.5,10
reachfim_interval,07140101,3628797,0.5,10
reachfim_interval,07140101,3630429,0.5,10
reachfim_interval,07140101,3628853,0.5,10
reachfim_interval,07140101,3628045,0.5,10
reachfim_interval,07140101,3629195,0.5,10
reachfim_interval,07140101,3628061,0.5,10
reachfim_interval,07140101,3628059,0.5,10
reachfim_interval,07140101,3628041,0.5,10
reachfim_interval,07140101,3628051,0.5,10
reachfim_interval,07140101,3628019,0.5,10
reachfim_interval,07140101,3627453,0.5,10
reachfim_interval,07140101,3627447,0.5,10
reachfim_interval,07140101,3627455,0.5,10
reachfim_interval,07140101,3627431,0.5,10
reachfim_interval,07140101,3627415,0.5,10
reachfim_interval,07140101,3627487,0.5,10
reachfim_interval,07140101,3627449,0.5,10
reachfim_interval,07140101,3627495,0.5,10
reachfim_interval,07140101,3627541,0.5,10
reachfim_interval,07140101,3627499,0.5,10
reachfim_interval,07140101,3627589,0.5,10
reachfim_interval,07140101,3627681,0.5,10
reachfim_interval,07140101,3627705,0.5,10
reachfim_interval,07140101,3627683,0.5,10
reachfim_interval,07140101,3627671,0.5,10
reachfim_interval,07140101,3627663,0.5,10
reachfim_interval,07140101,3627757,0.5,10
reachfim_interval,07140101,3627835,0.5,10
reachfim_interval,07140101,3627819,0.5,10
reachfim_interval,07140101,3627827,0.5,10
reachfim_interval,07140101,3627805,0.5,10
reachfim_interval,07140101,3627809,0.5,10
reachfim_interval,07140101,3627905,0.5,10
reachfim_interval,07140101,3627941,0.5,10
reachfim_interval,07140101,3629303,0.5,10
reachfim_interval,07140101,3627901,0.5,10
reachfim_interval,07140101,3627929,0.5,10
reachfim_interval,07140101,3627939,0.5,10
reachfim_interval,07140101,3628083,0.5,10
reachfim_interval,07140101,3628129,0.5,10
reachfim_interval,07140101,3628147,0.5,10
reachfim_interval,07140101,3628117,0.5,10
reachfim_interval,07140101,3628315,0.5,10
reachfim_interval,07140101,3628115,0.5,10
reachfim_interval,07140101,3628193,0.5,10
reachfim_interval,07140101,3628265,0.5,10
reachfim_interval,07140101,3628271,0.5,10
reachfim_interval,07140101,3628225,0.5,10
reachfim_interval,07140101,3628307,0.5,10
reachfim_interval,07140101,3628329,0.5,10
reachfim_interval,07140101,3628341,0.5,10
reachfim_interval,07140101,3628397,0.5,10
reachfim_interval,07140101,3628331,0.5,10
reachfim_interval,07140101,3628377,0.5,10
reachfim_interval,07140101,3628453,0.5,10
reachfim_interval,07140101,3628439,0.5,10
reachfim_interval,07140101,3628455,0.5,10
reachfim_interval,07140101,3628515,0.5,10
reachfim_interval,07140101,3628551,0.5,10
reachfim_interval,07140101,3628587,0.5,10
reachfim_interval,07140101,3628621,0.5,10
reachfim_interval,07140101,3628611,0.5,10
reachfim_interval,07140101,3628535,0.5,10
reachfim_interval,07140101,3628727,0.5,10
reachfim_interval,07140101,3628803,0.5,10
reachfim_interval,07140101,3630419,0.5,10
reachfim_interval,07140101,3628857,0.5,10
reachfim_interval,07140101,3628855,0.5,10
reachfim_interval,07140101,3630421,0.5,10
reachfim_interval,07140101,3628851,0.5,10
reachfim_interval,07140101,3628717,0.5,10
reachfim_interval,07140101,3629269,0.5,10
reachfim_interval,07140101,3628757,0.5,10
reachfim_interval,07140101,3629329,0.5,10
reachfim_interval,07140101,3628839,0.5,10
reachfim_interval,07140101,3630457,0.5,10
reachfim_interval,07140101,3628849,0.5,10
reachfim_interval,07140101,3628759,0.5,10
reachfim_interval,07140101,3630451,0.5,10
reachfim_interval,07140101,3628843,0.5,10
reachfim_interval,07140101,3630427,0.5,10
reachfim_interval,07140101,3628837,0.5,10
reachfim_interval,07140101,3628661,0.5,10
reachfim_interval,07140101,3628465,0.5,10
reachfim_interval,07140101,3628557,0.5,10
reachfim_interval,07140101,3628573,0.5,10
reachfim_interval,07140101,3628363,0.5,10
reachfim_interval,07140101,3628529,0.5,10
reachfim_interval,07140101,3628387,0.5,10
reachfim_interval,07140101,3628279,0.5,10
reachfim_interval,07140101,3628357,0.5,10
reachfim_interval,07140101,3628409,0.5,10
reachfim_interval,07140101,3628365,0.5,10
reachfim_interval,07140101,3628647,0.5,10
reachfim_interval,07140101,3628749,0.5,10
reachfim_interval,07140101,3628835,0.5,10
reachfim_interval,07140101,3628663,0.5,10
reachfim_interval,07140101,3628541,0.5,10
reachfim_interval,07140101,3628471,0.5,10
reachfim_interval,07140101,3628555,0.5,10
reachfim_interval,07140101,3628591,0.5,10
reachfim_interval,07140101,3628203,0.5,10
reachfim_interval,07140101,3628077,0.5,10
reachfim_interval,07140101,3627985,0.5,10
reachfim_interval,07140101,3627913,0.5,10
reachfim_interval,07140101,3627991,0.5,10
reachfim_interval,07140101,3627995,0.5,10
reachfim_interval,07140101,3627887,0.5,10
reachfim_interval,07140101,3627797,0.5,10
reachfim_interval,07140101,3627775,0.5,10
reachfim_interval,07140101,3627781,0.5,10
reachfim_interval,07140101,3627793,0.5,10
reachfim_interval,07140101,3627841,0.5,10
reachfim_interval,07140101,3627843,0.5,10
reachfim_interval,07140101,3627879,0.5,10
reachfim_interval,07140101,3627837,0.5,10
reachfim_interval,07140101,3627943,0.5,10
reachfim_interval,07140101,3628089,0.5,10
reachfim_interval,07140101,3627955,0.5,10
reachfim_interval,07140101,3628071,0.5,10
reachfim_interval,07140101,3628137,0.5,10
reachfim_interval,07140101,3628125,0.5,10
reachfim_interval,07140101,3627741,0.5,10
reachfim_interval,07140101,3627701,0.5,10
reachfim_interval,07140101,3627643,0.5,10
reachfim_interval,07140101,3627673,0.5,10
reachfim_interval,07140101,3627387,0.5,10
reachfim_interval,07140101,3629137,0.5,10
reachfim_interval,07140101,3628949,0.5,10
reachfim_interval,07140101,3629131,0.5,10
reachfim_interval,07140101,3627259,0.5,10
reachfim_interval,07140101,3627217,0.5,10
reachfim_interval,07140101,3627219,0.5,10
reachfim_interval,07140101,3627237,0.5,10
reachfim_interval,07140101,3627177,0.5,10
reachfim_interval,07140101,3627185,0.5,10
reachfim_interval,07140101,3629275,0.5,10
reachfim_interval,07140101,3629123,0.5,10
reachfim_interval,07140101,3627201,0.5,10
reachfim_interval,07140101,3627151,0.5,10
reachfim_interval,07140101,3627183,0.5,10
reachfim_interval,07140101,3629117,0.5,10
reachfim_interval,07140101,3627127,0.5,10
reachfim_interval,07140101,3627129,0.5,10
reachfim_interval,07140101,3627117,0.5,10
reachfim_interval,07140101,3627123,0.5,10
reachfim_interval,07140101,3627171,0.5,10
reachfim_interval,07140101,3627165,0.5,10
reachfim_interval,07140101,3627143,0.5,10
reachfim_interval,07140101,3627133,0.5,10
reachfim_interval,07140101,3627111,0.5,10
reachfim_interval,07140101,3627113,0.5,10
reachfim_interval,07140101,3627079,0.5,10
reachfim_interval,07140101,3627085,0.5,10
reachfim_interval,07140101,3627139,0.5,10
reachfim_interval,07140101,3627145,0.5,10
reachfim_interval,07140101,3627119,0.5,10
reachfim_interval,07140101,3629293,0.5,10
reachfim_interval,07140101,3627121,0.5,10
reachfim_interval,07140101,3627161,0.5,10
reachfim_interval,07140101,3627229,0.5,10
reachfim_interval,07140101,3627267,0.5,10
reachfim_interval,07140101,3627349,0.5,10
reachfim_interval,07140101,3627369,0.5,10
reachfim_interval,07140101,3627381,0.5,10
reachfim_interval,07140101,3628929,0.5,10
reachfim_interval,07140101,3627331,0.5,10
reachfim_interval,07140101,3627377,0.5,10
reachfim_interval,07140101,3627211,0.5,10
reachfim_interval,07140101,3627277,0.5,10
reachfim_interval,07140101,3627213,0.5,10
reachfim_interval,07140101,3627251,0.5,10
reachfim_interval,07140101,3627207,0.5,10
reachfim_interval,07140101,3627235,0.5,10
reachfim_interval,07140101,3627309,0.5,10
reachfim_interval,07140101,3627273,0.5,10
reachfim_interval,07140101,3627275,0.5,10
reachfim_interval,07140101,3627317,0.5,10
reachfim_interval,07140101,3628965,0.5,10
reachfim_interval,07140101,3627279,0.5,10
reachfim_interval,07140101,3627379,0.5,10
reachfim_interval,07140101,3627311,0.5,10
reachfim_interval,07140101,3627223,0.5,10
reachfim_interval,07140101,3629125,0.5,10
reachfim_interval,07140101,3627281,0.5,10
reachfim_interval,07140101,3627361,0.5,10
reachfim_interval,07140101,3627343,0.5,10
reachfim_interval,07140101,3629295,0.5,10
reachfim_interval,07140101,3627357,0.5,10
reachfim_interval,07140101,3627375,0.5,10
reachfim_interval,07140101,3627385,0.5,10
reachfim_interval,07140101,3627391,0.5,10
reachfim_interval,07140101,3628963,0.5,10
reachfim_interval,07140101,3627401,0.5,10
reachfim_interval,07140101,3627393,0.5,10
reachfim_interval,07140101,3628973,0.5,10
reachfim_interval,07140101,3627427,0.5,10
reachfim_interval,07140101,3627395,0.5,10
reachfim_interval,07140101,3627423,0.5,10
reachfim_interval,07140101,3627439,0.5,10
reachfim_interval,07140101,3627445,0.5,10
reachfim_interval,07140101,3627467,0.5,10
reachfim_interval,07140101,3627457,0.5,10
reachfim_interval,07140101,3627459,0.5,10
reachfim_interval,07140101,3627483,0.5,10
reachfim_interval,07140101,3627493,0.5,10
reachfim_interval,07140101,3628977,0.5,10
reachfim_interval,07140101,3628981,0.5,10
reachfim_interval,07140101,3627555,0.5,10
reachfim_interval,07140101,3627575,0.5,10
reachfim_interval,07140101,3627587,0.5,10
reachfim_interval,07140101,3627597,0.5,10
reachfim_interval,07140101,3627591,0.5,10
reachfim_interval,07140101,3627507,0.5,10
reachfim_interval,07140101,3627509,0.5,10
reachfim_interval,07140101,3627559,0.5,10
reachfim_interval,07140101,3627525,0.5,10
reachfim_interval,07140101,3627475,0.5,10
reachfim_interval,07140101,3627477,0.5,10
reachfim_interval,07140101,3627603,0.5,10
reachfim_interval,07140101,3627549,0.5,10
reachfim_interval,07140101,3627621,0.5,10
reachfim_interval,07140101,3627679,0.5,10
reachfim_interval,07140101,3627639,0.5,10
reachfim_interval,07140101,3627657,0.5,10
reachfim_interval,07140101,3627707,0.5,10
reachfim_interval,07140101,3627689,0.5,10
reachfim_interval,07140101,3627699,0.5,10
reachfim_interval,07140101,3627693,0.5,10
reachfim_interval,07140101,3629169,0.5,10
reachfim_interval,07140101,3627753,0.5,10
reachfim_interval,07140101,3629171,0.5,10
reachfim_interval,07140101,3627749,0.5,10
reachfim_interval,07140101,3629301,0.5,10
reachfim_interval,07140101,3627857,0.5,10
reachfim_interval,07140101,3627981,0.5,10
reachfim_interval,07140101,3628035,0.5,10
reachfim_interval,07140101,3629305,0.5,10
reachfim_interval,07140101,3628043,0.5,10
reachfim_interval,07140101,3628053,0.5,10
reachfim_interval,07140101,3628079,0.5,10
reachfim_interval,07140101,3628113,0.5,10
reachfim_interval,07140101,3628121,0.5,10
reachfim_interval,07140101,3628213,0.5,10
reachfim_interval,07140101,3628167,0.5,10
reachfim_interval,07140101,3628163,0.5,10
reachfim_interval,07140101,3629307,0.5,10
reachfim_interval,07140101,3628145,0.5,10
reachfim_interval,07140101,3628257,0.5,10
reachfim_interval,07140101,3628261,0.5,10
reachfim_interval,07140101,3628263,0.5,10
reachfim_interval,07140101,3628311,0.5,10
reachfim_interval,07140101,3628327,0.5,10
reachfim_interval,07140101,3628313,0.5,10
reachfim_interval,07140101,3628443,0.5,10
reachfim_interval,07140101,3628561,0.5,10
reachfim_interval,07140101,3628489,0.5,10
reachfim_interval,07140101,3628461,0.5,10
reachfim_interval,07140101,3629239,0.5,10
reachfim_interval,07140101,3628491,0.5,10
reachfim_interval,07140101,3629253,0.5,10
reachfim_interval,07140101,3628563,0.5,10
reachfim_interval,07140101,3628673,0.5,10
reachfim_interval,07140101,3629309,0.5,10
reachfim_interval,07140101,3628575,0.5,10
reachfim_interval,07140101,3628519,0.5,10
reachfim_interval,07140101,3628467,0.5,10
reachfim_interval,07140101,3629249,0.5,10
reachfim_interval,07140101,3628609,0.5,10
reachfim_interval,07140101,3628689,0.5,10
reachfim_interval,07140101,3629311,0.5,10
reachfim_interval,07140101,3628637,0.5,10
reachfim_interval,07140101,3628583,0.5,10
reachfim_interval,07140101,3628695,0.5,10
reachfim_interval,07140101,3628793,0.5,10
reachfim_interval,07140101,3628761,0.5,10
reachfim_interval,07140101,3629037,0.5,10
reachfim_interval,07140101,3628723,0.5,10
reachfim_interval,07140101,3628845,0.5,10
reachfim_interval,07140101,3628497,0.5,10
reachfim_interval,07140101,3629031,0.5,10
reachfim_interval,07140101,3629027,0.5,10
reachfim_interval,07140101,3628339,0.5,10
reachfim_interval,07140101,3628259,0.5,10
reachfim_interval,07140101,3628321,0.5,10
reachfim_interval,07140101,3628367,0.5,10
reachfim_interval,07140101,3629019,0.5,10
reachfim_interval,07140101,3628091,0.5,10
reachfim_interval,07140101,3627993,0.5,10
reachfim_interval,07140101,3627855,0.5,10
reachfim_interval,07140101,3627869,0.5,10
reachfim_interval,07140101,3627989,0.5,10
reachfim_interval,07140101,3627933,0.5,10
reachfim_interval,07140101,3627867,0.5,10
reachfim_interval,07140101,3627773,0.5,10
reachfim_interval,07140101,3627709,0.5,10
reachfim_interval,07140101,3627721,0.5,10
reachfim_interval,07140101,3627661,0.5,10
reachfim_interval,07140101,3627739,0.5,10
reachfim_interval,07140101,3627767,0.5,10
reachfim_interval,07140101,3629001,0.5,10
reachfim_interval,07140101,3629009,0.5,10
reachfim_interval,07140101,3629011,0.5,10
reachfim_interval,07140101,3628017,0.5,10
reachfim_interval,07140101,3627915,0.5,10
reachfim_interval,07140101,3627715,0.5,10
reachfim_interval,07140101,3627731,0.5,10
reachfim_interval,07140101,3627761,0.5,10
reachfim_interval,07140101,3627883,0.5,10
reachfim_interval,07140101,3627861,0.5,10
reachfim_interval,07140101,3627729,0.5,10
reachfim_interval,07140101,3627719,0.5,10
reachfim_interval,07140101,3628987,0.5,10
reachfim_interval,07140101,3627675,0.5,10
reachfim_interval,07140101,3627627,0.5,10
reachfim_interval,07140101,3627505,0.5,10
reachfim_interval,07140101,3627539,0.5,10
reachfim_interval,07140101,3627649,0.5,10
reachfim_interval,07140101,3627733,0.5,10
reachfim_interval,07140101,3627687,0.5,10
reachfim_interval,07140101,3627527,0.5,10
reachfim_interval,07140101,3627571,0.5,10
reachfim_interval,07140101,3627615,0.5,10
reachfim_interval,07140101,3627491,0.5,10
reachfim_interval,07140101,3627435,0.5,10
reachfim_interval,07140101,3629151,0.5,10
reachfim_interval,07140101,3627469,0.5,10
reachfim_interval,07140101,3628959,0.5,10
reachfim_interval,07140101,3628957,0.5,10
reachfim_interval,07140101,3628955,0.5,10
reachfim_interval,07140101,3627339,0.5,10
reachfim_interval,07140101,3628953,0.5,10
reachfim_interval,07140101,3628951,0.5,10
reachfim_interval,07140101,3627169,0.5,10
reachfim_interval,07140101,3629121,0.5,10
reachfim_interval,07140101,3629115,0.5,10
reachfim_interval,07140101,3627141,0.5,10
reachfim_interval,07140101,3627071,0.5,10
reachfim_interval,07140101,3629099,0.5,10
reachfim_interval,07140101,3627107,0.5,10
reachfim_interval,07140101,3627073,0.5,10
reachfim_interval,07140101,3627065,0.5,10
reachfim_interval,07140101,3627059,0.5,10
reachfim_interval,07140101,3627041,0.5,10
reachfim_interval,07140101,3627043,0.5,10
reachfim_interval,07140101,3627061,0.5,10
reachfim_interval,07140101,3627089,0.5,10
reachfim_interval,07140101,3627081,0.5,10
reachfim_interval,07140101,3627097,0.5,10
reachfim_interval,07140101,3627917,0.5,10
reachfim_interval,07140101,3627839,0.5,10
reachfim_interval,07140101,3629113,0.5,10
reachfim_interval,07140101,3629109,0.5,10
reachfim_interval,07140101,3629107,0.5,10
reachfim_interval,07140101,3629141,0.5,10
reachfim_interval,07140101,3629145,0.5,10
reachfim_interval,07140101,3629143,0.5,10
reachfim_interval,07140101,3630443,0.5,10
reachfim_interval,07140101,3630493,0.5,10
reachfim_interval,07140101,3627243,0.5,10
