reachfim_interval,01080105,6084541,0.5,10
reachfim_interval,01080106,6090109,0.5,10
reachfim_interval,01080106,6091277,0.5,10
reachfim_interval,01080106,6090105,0.5,10
reachfim_interval,01080106,6090103,0.5,10
reachfim_interval,01080106,6090101,0.5,10
reachfim_interval,01080106,6090087,0.5,10
reachfim_interval,01080106,6090065,0.5,10
reachfim_interval,01080106,6090063,0.5,10
reachfim_interval,01080106,6090059,0.5,10
reachfim_interval,01080106,6090301,0.5,10
reachfim_interval,01080106,6090045,0.5,10
reachfim_interval,01080106,6090053,0.5,10
reachfim_interval,01080106,6090205,0.5,10
reachfim_interval,01080106,6090025,0.5,10
reachfim_interval,01080106,6090017,0.5,10
reachfim_interval,01080106,6090009,0.5,10
reachfim_interval,01080106,6090303,0.5,10
reachfim_interval,01080106,6089959,0.5,10
reachfim_interval,01080106,6089941,0.5,10
reachfim_interval,01080106,6089931,0.5,10
reachfim_interval,01080106,6089923,0.5,10
reachfim_interval,01080106,6090175,0.5,10
reachfim_interval,01080106,6089863,0.5,10
reachfim_interval,01080106,6089803,0.5,10
reachfim_interval,01080106,6089791,0.5,10
reachfim_interval,01080106,166174529,0.5,10
reachfim_interval,01080106,166174530,0.5,10
reachfim_interval,01080106,6089741,0.5,10
reachfim_interval,01080106,6089727,0.5,10
reachfim_interval,01080106,6089681,0.5,10
reachfim_interval,01080106,6089679,0.5,10
reachfim_interval,01080106,6089673,0.5,10
reachfim_interval,01080106,6089637,0.5,10
reachfim_interval,01080106,6089639,0.5,10
reachfim_interval,01080106,6089629,0.5,10
reachfim_interval,01080106,6089619,0.5,10
reachfim_interval,01080106,6089613,0.5,10
reachfim_interval,01080106,6089609,0.5,10
reachfim_interval,01080106,6089597,0.5,10
reachfim_interval,01080106,6090193,0.5,10
reachfim_interval,01080106,6090177,0.5,10
reachfim_interval,01080106,6089875,0.5,10
reachfim_interval,01080106,6089861,0.5,10
reachfim_interval,01080106,6089853,0.5,10
reachfim_interval,01080106,6089847,0.5,10
reachfim_interval,01080106,6089835,0.5,10
reachfim_interval,01080106,6089825,0.5,10
reachfim_interval,01080106,6089821,0.5,10
reachfim_interval,01080106,6089827,0.5,10
reachfim_interval,01080106,6089837,0.5,10
reachfim_interval,01080106,6089843,0.5,10
reachfim_interval,01080106,6089859,0.5,10
reachfim_interval,01080106,6089871,0.5,10
reachfim_interval,01080106,6089895,0.5,10
reachfim_interval,01080106,6089901,0.5,10
reachfim_interval,01080106,6089909,0.5,10
reachfim_interval,01080106,6090255,0.5,10
reachfim_interval,01080106,6089903,0.5,10
reachfim_interval,01080106,6089905,0.5,10
reachfim_interval,01080106,6089897,0.5,10
reachfim_interval,01080106,6089889,0.5,10
reachfim_interval,01080106,6090167,0.5,10
reachfim_interval,01080106,6089913,0.5,10
reachfim_interval,01080106,6089881,0.5,10
reachfim_interval,01080106,6089869,0.5,10
reachfim_interval,01080106,6089867,0.5,10
reachfim_interval,01080106,6089851,0.5,10
reachfim_interval,01080106,6089841,0.5,10
reachfim_interval,01080106,6089805,0.5,10
reachfim_interval,01080106,6089783,0.5,10
reachfim_interval,01080106,6089769,0.5,10
reachfim_interval,01080106,6089759,0.5,10
reachfim_interval,01080106,6090245,0.5,10
reachfim_interval,01080106,6089689,0.5,10
reachfim_interval,01080106,6090243,0.5,10
reachfim_interval,01080106,6089661,0.5,10
reachfim_interval,01080106,6089651,0.5,10
reachfim_interval,01080106,6089645,0.5,10
reachfim_interval,01080106,6089607,0.5,10
reachfim_interval,01080106,6090221,0.5,10
reachfim_interval,01080106,6089595,0.5,10
reachfim_interval,01080106,6088965,0.5,10
reachfim_interval,01080106,6088963,0.5,10
reachfim_interval,01080106,6088957,0.5,10
reachfim_interval,01080106,6088933,0.5,10
reachfim_interval,01080106,6089045,0.5,10
reachfim_interval,01080106,6089785,0.5,10
reachfim_interval,01080106,6089757,0.5,10
reachfim_interval,01080106,6090155,0.5,10
reachfim_interval,01080106,6089733,0.5,10
reachfim_interval,01080106,6089877,0.5,10
reachfim_interval,01080106,6089047,0.5,10
reachfim_interval,01080106,6088943,0.5,10
reachfim_interval,01080106,6088947,0.5,10
reachfim_interval,01080106,6089855,0.5,10
reachfim_interval,01080106,6089919,0.5,10
reachfim_interval,01080106,6090191,0.5,10
reachfim_interval,01080106,6089933,0.5,10
reachfim_interval,01080106,6089967,0.5,10
reachfim_interval,01080106,6089647,0.5,10
reachfim_interval,01080106,6089623,0.5,10
reachfim_interval,01080106,6089617,0.5,10
reachfim_interval,01080106,6089845,0.5,10
reachfim_interval,01080106,6090163,0.5,10
reachfim_interval,01080106,6089817,0.5,10
reachfim_interval,01080106,6089743,0.5,10
reachfim_interval,01080106,6089737,0.5,10
reachfim_interval,01080106,6089713,0.5,10
reachfim_interval,01080106,6089697,0.5,10
reachfim_interval,01080106,6089667,0.5,10
reachfim_interval,01080106,6089663,0.5,10
reachfim_interval,01080106,6089657,0.5,10
reachfim_interval,01080106,6089773,0.5,10
reachfim_interval,01080106,6090099,0.5,10
reachfim_interval,01080106,6090069,0.5,10
reachfim_interval,01080106,6090047,0.5,10
reachfim_interval,01080106,6090049,0.5,10
reachfim_interval,01080106,6090071,0.5,10
reachfim_interval,01080106,6090061,0.5,10
reachfim_interval,01080106,6090051,0.5,10
reachfim_interval,01080106,6090305,0.5,10
reachfim_interval,01080106,6090035,0.5,10
reachfim_interval,01080106,6090037,0.5,10
reachfim_interval,01080106,6090019,0.5,10
reachfim_interval,01080106,6090021,0.5,10
reachfim_interval,01080106,6090043,0.5,10
reachfim_interval,01080106,6090041,0.5,10
reachfim_interval,01080106,6090203,0.5,10
reachfim_interval,01080106,6090201,0.5,10
reachfim_interval,01080106,6089983,0.5,10
reachfim_interval,01080106,6090173,0.5,10
reachfim_interval,01080106,6089907,0.5,10
reachfim_interval,01080106,6090171,0.5,10
reachfim_interval,01080106,6090161,0.5,10
reachfim_interval,01080106,6089811,0.5,10
reachfim_interval,01080106,6089775,0.5,10
reachfim_interval,01080106,6089755,0.5,10
reachfim_interval,01080106,6089777,0.5,10
reachfim_interval,01080106,6089705,0.5,10
reachfim_interval,01080106,6089707,0.5,10
reachfim_interval,01080106,6090153,0.5,10
reachfim_interval,01080106,6089793,0.5,10
reachfim_interval,01080106,6089789,0.5,10
reachfim_interval,01080106,6089725,0.5,10
reachfim_interval,01080106,6089703,0.5,10
reachfim_interval,01080106,6089715,0.5,10
reachfim_interval,01080106,6089677,0.5,10
reachfim_interval,01080106,6089635,0.5,10
reachfim_interval,01080106,6089633,0.5,10
reachfim_interval,01080106,6089627,0.5,10
reachfim_interval,01080106,6089611,0.5,10
reachfim_interval,01080106,6089599,0.5,10
reachfim_interval,01080106,6090149,0.5,10
reachfim_interval,01080106,6089625,0.5,10
reachfim_interval,01080106,6090151,0.5,10
reachfim_interval,01080106,6089649,0.5,10
reachfim_interval,01080106,6089643,0.5,10
reachfim_interval,01080106,6090219,0.5,10
reachfim_interval,01080106,6089659,0.5,10
reachfim_interval,01080106,6090293,0.5,10
reachfim_interval,01080106,6089675,0.5,10
reachfim_interval,01080106,6089717,0.5,10
reachfim_interval,01080106,6090233,0.5,10
reachfim_interval,01080106,6089683,0.5,10
reachfim_interval,01080106,6089693,0.5,10
reachfim_interval,01080106,6089691,0.5,10
reachfim_interval,01080106,6089709,0.5,10
reachfim_interval,01080106,6089751,0.5,10
reachfim_interval,01080106,6089797,0.5,10
reachfim_interval,01080106,6089833,0.5,10
reachfim_interval,01080106,6089809,0.5,10
reachfim_interval,01080106,6089823,0.5,10
reachfim_interval,01080106,6089779,0.5,10
reachfim_interval,01080106,6089767,0.5,10
reachfim_interval,01080106,6089781,0.5,10
reachfim_interval,01080106,6089819,0.5,10
reachfim_interval,01080106,6089795,0.5,10
reachfim_interval,01080106,6089753,0.5,10
reachfim_interval,01080106,6089815,0.5,10
reachfim_interval,01080106,6089829,0.5,10
reachfim_interval,01080106,6089731,0.5,10
reachfim_interval,01080106,6089799,0.5,10
reachfim_interval,01080106,6089801,0.5,10
reachfim_interval,01080106,6089687,0.5,10
reachfim_interval,01080106,6089763,0.5,10
reachfim_interval,01080106,6089765,0.5,10
reachfim_interval,01080106,6089839,0.5,10
reachfim_interval,01080106,6089831,0.5,10
reachfim_interval,01080106,6089813,0.5,10
reachfim_interval,01080106,6089745,0.5,10
reachfim_interval,01080106,6089723,0.5,10
reachfim_interval,01080106,6089711,0.5,10
reachfim_interval,01080106,6089685,0.5,10
reachfim_interval,01080106,6089695,0.5,10
reachfim_interval,01080106,6089655,0.5,10
reachfim_interval,01080106,6089665,0.5,10
reachfim_interval,01080106,6090291,0.5,10
reachfim_interval,01080106,6089671,0.5,10
reachfim_interval,01080106,6089739,0.5,10
reachfim_interval,01080106,6089721,0.5,10
reachfim_interval,01080106,6089701,0.5,10
reachfim_interval,01080106,6089719,0.5,10
reachfim_interval,01080106,6089699,0.5,10
reachfim_interval,01080106,6089879,0.5,10
reachfim_interval,01080106,6089885,0.5,10
reachfim_interval,01080106,6089865,0.5,10
reachfim_interval,01080106,6089849,0.5,10
reachfim_interval,01080106,6089771,0.5,10
reachfim_interval,01080106,6090297,0.5,10
reachfim_interval,01080106,6088967,0.5,10
reachfim_interval,01080106,6088931,0.5,10
reachfim_interval,01080106,6089095,0.5,10
reachfim_interval,01080106,6088941,0.5,10
reachfim_interval,01080106,6088959,0.5,10
reachfim_interval,01080106,6089049,0.5,10
reachfim_interval,01080106,6088969,0.5,10
reachfim_interval,01080106,6089603,0.5,10
reachfim_interval,01080106,6089621,0.5,10
reachfim_interval,01080106,6090289,0.5,10
reachfim_interval,01080106,6089605,0.5,10
reachfim_interval,01080106,6089641,0.5,10
reachfim_interval,01080106,6089615,0.5,10
reachfim_interval,01080106,6089631,0.5,10
reachfim_interval,01080106,6090295,0.5,10
reachfim_interval,01080106,6089653,0.5,10
reachfim_interval,01080106,6090241,0.5,10
reachfim_interval,01080106,6089669,0.5,10
reachfim_interval,01080106,6089761,0.5,10
reachfim_interval,01080106,6089729,0.5,10
reachfim_interval,01080106,6089735,0.5,10
reachfim_interval,01080106,6090157,0.5,10
reachfim_interval,01080106,6090159,0.5,10
reachfim_interval,01080106,6089807,0.5,10
reachfim_interval,01080106,6089857,0.5,10
reachfim_interval,01080106,6090299,0.5,10
reachfim_interval,01080106,6089921,0.5,10
reachfim_interval,01080106,6090165,0.5,10
reachfim_interval,01080106,6089949,0.5,10
reachfim_interval,01080106,6089935,0.5,10
reachfim_interval,01080106,6089953,0.5,10
reachfim_interval,01080106,6090285,0.5,10
reachfim_interval,01080106,6090189,0.5,10
reachfim_interval,01080106,6089973,0.5,10
reachfim_interval,01080106,6089969,0.5,10
reachfim_interval,01080106,6089937,0.5,10
reachfim_interval,01080106,6089947,0.5,10
reachfim_interval,01080106,6090187,0.5,10
reachfim_interval,01080106,6090185,0.5,10
reachfim_interval,01080106,6089887,0.5,10
reachfim_interval,01080106,6089899,0.5,10
reachfim_interval,01080106,6089911,0.5,10
reachfim_interval,01080106,6090183,0.5,10
reachfim_interval,01080106,6089917,0.5,10
reachfim_interval,01080106,6089893,0.5,10
reachfim_interval,01080106,6090181,0.5,10
reachfim_interval,01080106,6089915,0.5,10
reachfim_interval,01080106,6089891,0.5,10
reachfim_interval,01080106,6089925,0.5,10
reachfim_interval,01080106,6090179,0.5,10
reachfim_interval,01080106,6089927,0.5,10
reachfim_interval,01080106,6089939,0.5,10
reachfim_interval,01080106,6089929,0.5,10
reachfim_interval,01080106,6089943,0.5,10
reachfim_interval,01080106,6090195,0.5,10
reachfim_interval,01080106,6089963,0.5,10
reachfim_interval,01080106,6089951,0.5,10
reachfim_interval,01080106,6090253,0.5,10
reachfim_interval,01080106,6089961,0.5,10
reachfim_interval,01080106,6089991,0.5,10
reachfim_interval,01080106,6090199,0.5,10
reachfim_interval,01080106,6090011,0.5,10
reachfim_interval,01080106,6090007,0.5,10
reachfim_interval,01080106,6090003,0.5,10
reachfim_interval,01080106,6089945,0.5,10
reachfim_interval,01080106,6089979,0.5,10
reachfim_interval,01080106,6089965,0.5,10
reachfim_interval,01080106,6089981,0.5,10
reachfim_interval,01080106,6090005,0.5,10
reachfim_interval,01080106,6089997,0.5,10
reachfim_interval,01080106,6089999,0.5,10
reachfim_interval,01080106,6090015,0.5,10
reachfim_interval,01080106,6089957,0.5,10
reachfim_interval,01080106,6089995,0.5,10
reachfim_interval,01080106,6089993,0.5,10
reachfim_interval,01080106,6089989,0.5,10
reachfim_interval,01080106,6089987,0.5,10
reachfim_interval,01080106,6090001,0.5,10
reachfim_interval,01080106,6089955,0.5,10
reachfim_interval,01080106,6090033,0.5,10
reachfim_interval,01080106,6090023,0.5,10
reachfim_interval,01080106,6090039,0.5,10
reachfim_interval,01080106,6090027,0.5,10
reachfim_interval,01080106,6090055,0.5,10
reachfim_interval,01080106,6090057,0.5,10
reachfim_interval,01080106,6090029,0.5,10
reachfim_interval,01080106,6090079,0.5,10
reachfim_interval,01080106,6090207,0.5,10
reachfim_interval,01080106,6090075,0.5,10
reachfim_interval,01080106,6090093,0.5,10
reachfim_interval,01080106,6090085,0.5,10
reachfim_interval,01080106,6090077,0.5,10
reachfim_interval,01080106,6090073,0.5,10
reachfim_interval,01080106,6090083,0.5,10
reachfim_interval,01080106,6090081,0.5,10
reachfim_interval,01080106,6090067,0.5,10
reachfim_interval,01080106,6090091,0.5,10
reachfim_interval,01080106,6090097,0.5,10
reachfim_interval,01080106,6090113,0.5,10
reachfim_interval,01080106,6090123,0.5,10
reachfim_interval,01080106,6090213,0.5,10
reachfim_interval,01080106,6090089,0.5,10
reachfim_interval,01080106,6090095,0.5,10
reachfim_interval,01080106,6090115,0.5,10
reachfim_interval,01080106,6090117,0.5,10
reachfim_interval,01080106,6090131,0.5,10
reachfim_interval,01080106,6090211,0.5,10
reachfim_interval,01080106,6090119,0.5,10
reachfim_interval,01080106,6090111,0.5,10
reachfim_interval,01080106,6090209,0.5,10
reachfim_interval,01080106,6090129,0.5,10
reachfim_interval,01080106,6090215,0.5,10
reachfim_interval,01080106,6090135,0.5,10
reachfim_interval,01080106,6090121,0.5,10
reachfim_interval,01080106,6090127,0.5,10
reachfim_interval,01080106,6090107,0.5,10
reachfim_interval,01080106,6090125,0.5,10
reachfim_interval,01080106,6089079,0.5,10
reachfim_interval,01080106,6089977,0.5,10
reachfim_interval,01080106,6090197,0.5,10
reachfim_interval,01080106,6089985,0.5,10
reachfim_interval,01080106,6089749,0.5,10
reachfim_interval,01080106,6089975,0.5,10
reachfim_interval,01080106,6089747,0.5,10
reachfim_interval,01080106,6089593,0.5,10
reachfim_interval,01080106,6089601,0.5,10
reachfim_interval,01080106,6089971,0.5,10
reachfim_interval,01080106,6090013,0.5,10
reachfim_interval,01080106,9327974,0.5,10
reachfim_interval,01080106,9327980,0.5,10
reachfim_interval,01080106,9331138,0.5,10
reachfim_interval,01080106,9327258,0.5,10
reachfim_interval,01080106,9327942,0.5,10
reachfim_interval,01080106,9327966,0.5,10
reachfim_interval,01080106,9327914,0.5,10
reachfim_interval,01080106,9327930,0.5,10
reachfim_interval,01080106,9327916,0.5,10
reachfim_interval,01080106,9327908,0.5,10
reachfim_interval,01080106,9327948,0.5,10
reachfim_interval,01080106,9327952,0.5,10
reachfim_interval,01080106,9327954,0.5,10
reachfim_interval,01080106,9327970,0.5,10
reachfim_interval,01080106,9327910,0.5,10
reachfim_interval,01080106,9327950,0.5,10
reachfim_interval,01080106,9327960,0.5,10
reachfim_interval,01080106,9327896,0.5,10
reachfim_interval,01080106,9327198,0.5,10
reachfim_interval,01080106,9327892,0.5,10
reachfim_interval,01080106,9327242,0.5,10
reachfim_interval,01080106,9327248,0.5,10
reachfim_interval,01080106,9327318,0.5,10
reachfim_interval,01080106,9327622,0.5,10
reachfim_interval,01080106,9327454,0.5,10
reachfim_interval,01080106,9328654,0.5,10
reachfim_interval,01080106,9327894,0.5,10
reachfim_interval,01080106,9327886,0.5,10
reachfim_interval,01080106,9327880,0.5,10
reachfim_interval,01080106,9327876,0.5,10
reachfim_interval,01080106,9327870,0.5,10
reachfim_interval,01080106,9331722,0.5,10
reachfim_interval,01080106,9327488,0.5,10
reachfim_interval,01080106,9328674,0.5,10
reachfim_interval,01080106,9327480,0.5,10
reachfim_interval,01080106,9327370,0.5,10
reachfim_interval,01080106,9327482,0.5,10
reachfim_interval,01080106,9327450,0.5,10
reachfim_interval,01080106,9327472,0.5,10
reachfim_interval,01080106,9328642,0.5,10
reachfim_interval,01080106,9327466,0.5,10
reachfim_interval,01080106,9331714,0.5,10
reachfim_interval,01080106,9328726,0.5,10
reachfim_interval,01080106,9327452,0.5,10
reachfim_interval,01080106,9327468,0.5,10
reachfim_interval,01080106,9327362,0.5,10
reachfim_interval,01080106,9327972,0.5,10
reachfim_interval,01080106,9327346,0.5,10
reachfim_interval,01080106,9327348,0.5,10
reachfim_interval,01080106,9327350,0.5,10
reachfim_interval,01080106,9327336,0.5,10
reachfim_interval,01080106,9327360,0.5,10
reachfim_interval,01080106,9327626,0.5,10
reachfim_interval,01080106,9327326,0.5,10
reachfim_interval,01080106,9327968,0.5,10
reachfim_interval,01080106,9327474,0.5,10
reachfim_interval,01080106,9328644,0.5,10
reachfim_interval,01080106,9328658,0.5,10
reachfim_interval,01080106,9327478,0.5,10
reachfim_interval,01080106,9328684,0.5,10
reachfim_interval,01080106,9327476,0.5,10
reachfim_interval,01080106,9328664,0.5,10
reachfim_interval,01080106,9336428,0.5,10
reachfim_interval,01080106,9327484,0.5,10
reachfim_interval,01080106,9328766,0.5,10
reachfim_interval,01080106,9327486,0.5,10
reachfim_interval,01080106,9327446,0.5,10
reachfim_interval,01080106,9328662,0.5,10
reachfim_interval,01080106,9328670,0.5,10
reachfim_interval,01080106,9327470,0.5,10
reachfim_interval,01080106,9327408,0.5,10
reachfim_interval,01080106,9328024,0.5,10
reachfim_interval,01080106,9327976,0.5,10
reachfim_interval,01080106,9327304,0.5,10
reachfim_interval,01080106,9327344,0.5,10
reachfim_interval,01080106,9328078,0.5,10
reachfim_interval,01080106,9327324,0.5,10
reachfim_interval,01080106,9327288,0.5,10
reachfim_interval,01080106,9327286,0.5,10
reachfim_interval,01080106,9327620,0.5,10
reachfim_interval,01080106,9327628,0.5,10
reachfim_interval,01080106,9327374,0.5,10
reachfim_interval,01080106,9327402,0.5,10
reachfim_interval,01080106,9327394,0.5,10
reachfim_interval,01080106,9327978,0.5,10
reachfim_interval,01080106,9327306,0.5,10
reachfim_interval,01080106,9327962,0.5,10
reachfim_interval,01080106,9327256,0.5,10
reachfim_interval,01080106,9327944,0.5,10
reachfim_interval,01080106,9327236,0.5,10
reachfim_interval,01080106,9327932,0.5,10
reachfim_interval,01080106,9327912,0.5,10
reachfim_interval,01080106,9327230,0.5,10
reachfim_interval,01080106,9327918,0.5,10
reachfim_interval,01080106,9327610,0.5,10
reachfim_interval,01080106,9327888,0.5,10
reachfim_interval,01080106,9327182,0.5,10
reachfim_interval,01080106,9327882,0.5,10
reachfim_interval,01080106,9327178,0.5,10
reachfim_interval,01080106,9327148,0.5,10
reachfim_interval,01080106,9328052,0.5,10
reachfim_interval,01080106,9327154,0.5,10
reachfim_interval,01080106,9328054,0.5,10
reachfim_interval,01080106,9327180,0.5,10
reachfim_interval,01080106,9327284,0.5,10
reachfim_interval,01080106,9327364,0.5,10
reachfim_interval,01080106,9327354,0.5,10
reachfim_interval,01080106,9328080,0.5,10
reachfim_interval,01080106,9327384,0.5,10
reachfim_interval,01080106,9327618,0.5,10
reachfim_interval,01080106,9327302,0.5,10
reachfim_interval,01080106,9327292,0.5,10
reachfim_interval,01080106,9327244,0.5,10
reachfim_interval,01080106,9327212,0.5,10
reachfim_interval,01080106,9327220,0.5,10
reachfim_interval,01080106,9328064,0.5,10
reachfim_interval,01080106,9327216,0.5,10
reachfim_interval,01080106,9327196,0.5,10
reachfim_interval,01080106,9328062,0.5,10
reachfim_interval,01080106,9328070,0.5,10
reachfim_interval,01080106,9327224,0.5,10
reachfim_interval,01080106,9327898,0.5,10
reachfim_interval,01080106,9327260,0.5,10
reachfim_interval,01080106,9327274,0.5,10
reachfim_interval,01080106,9327920,0.5,10
reachfim_interval,01080106,9327946,0.5,10
reachfim_interval,01080106,9330856,0.5,10
reachfim_interval,01080106,9327464,0.5,10
reachfim_interval,01080106,9331712,0.5,10
reachfim_interval,01080106,9328628,0.5,10
reachfim_interval,01080106,9331136,0.5,10
reachfim_interval,01080106,9331124,0.5,10
reachfim_interval,01080106,9327636,0.5,10
reachfim_interval,01080106,9327632,0.5,10
reachfim_interval,01080106,9327380,0.5,10
reachfim_interval,01080106,9327378,0.5,10
reachfim_interval,01080106,9327392,0.5,10
reachfim_interval,01080106,9327368,0.5,10
reachfim_interval,01080106,9327330,0.5,10
reachfim_interval,01080106,9327328,0.5,10
reachfim_interval,01080106,9327316,0.5,10
reachfim_interval,01080106,166174541,0.5,10
reachfim_interval,01080106,166174540,0.5,10
reachfim_interval,01080106,9327366,0.5,10
reachfim_interval,01080106,9327390,0.5,10
reachfim_interval,01080106,9327400,0.5,10
reachfim_interval,01080106,9327430,0.5,10
reachfim_interval,01080106,9327406,0.5,10
reachfim_interval,01080106,9327460,0.5,10
reachfim_interval,01080106,9328630,0.5,10
reachfim_interval,01080106,9336426,0.5,10
reachfim_interval,01080106,9327462,0.5,10
reachfim_interval,01080106,9328634,0.5,10
reachfim_interval,01080106,9327458,0.5,10
reachfim_interval,01080106,9327432,0.5,10
reachfim_interval,01080106,9331708,0.5,10
reachfim_interval,01080106,9330854,0.5,10
reachfim_interval,01080106,9327630,0.5,10
reachfim_interval,01080106,9327356,0.5,10
reachfim_interval,01080106,9331540,0.5,10
reachfim_interval,01080106,9331534,0.5,10
reachfim_interval,01080106,9331532,0.5,10
reachfim_interval,01080106,9331528,0.5,10
reachfim_interval,01080106,9331526,0.5,10
reachfim_interval,01080106,9331520,0.5,10
reachfim_interval,01080106,9331518,0.5,10
reachfim_interval,01080106,9331510,0.5,10
reachfim_interval,01080106,9331478,0.5,10
reachfim_interval,01080106,9331482,0.5,10
reachfim_interval,01080106,9331474,0.5,10
reachfim_interval,01080106,9331446,0.5,10
reachfim_interval,01080106,9331464,0.5,10
reachfim_interval,01080106,9330004,0.5,10
reachfim_interval,01080106,9331434,0.5,10
reachfim_interval,01080106,9331432,0.5,10
reachfim_interval,01080106,9330996,0.5,10
reachfim_interval,01080106,9331002,0.5,10
reachfim_interval,01080106,9331006,0.5,10
reachfim_interval,01080106,9330146,0.5,10
reachfim_interval,01080106,9330148,0.5,10
reachfim_interval,01080106,9330152,0.5,10
reachfim_interval,01080106,9330172,0.5,10
reachfim_interval,01080106,9330170,0.5,10
reachfim_interval,01080106,9330136,0.5,10
reachfim_interval,01080106,9330126,0.5,10
reachfim_interval,01080106,9330056,0.5,10
reachfim_interval,01080106,9330034,0.5,10
reachfim_interval,01080106,9330054,0.5,10
reachfim_interval,01080106,9330062,0.5,10
reachfim_interval,01080106,9330990,0.5,10
reachfim_interval,01080106,9331436,0.5,10
reachfim_interval,01080106,9331410,0.5,10
reachfim_interval,01080106,9331412,0.5,10
reachfim_interval,01080106,9331428,0.5,10
reachfim_interval,01080106,9331420,0.5,10
reachfim_interval,01080106,9331416,0.5,10
reachfim_interval,01080106,9331424,0.5,10
reachfim_interval,01080106,9331388,0.5,10
reachfim_interval,01080106,9331392,0.5,10
reachfim_interval,01080106,9331398,0.5,10
reachfim_interval,01080106,9331404,0.5,10
reachfim_interval,01080106,9331386,0.5,10
reachfim_interval,01080106,9331370,0.5,10
reachfim_interval,01080106,9331378,0.5,10
reachfim_interval,01080106,9331376,0.5,10
reachfim_interval,01080106,9331364,0.5,10
reachfim_interval,01080106,9331366,0.5,10
reachfim_interval,01080106,9331358,0.5,10
reachfim_interval,01080106,9331354,0.5,10
reachfim_interval,01080106,9331350,0.5,10
reachfim_interval,01080106,9331336,0.5,10
reachfim_interval,01080106,9331298,0.5,10
reachfim_interval,01080106,9331302,0.5,10
reachfim_interval,01080106,9331286,0.5,10
reachfim_interval,01080106,9331260,0.5,10
reachfim_interval,01080106,9331278,0.5,10
reachfim_interval,01080106,9331238,0.5,10
reachfim_interval,01080106,9331234,0.5,10
reachfim_interval,01080106,9331206,0.5,10
reachfim_interval,01080106,9331202,0.5,10
reachfim_interval,01080106,9331170,0.5,10
reachfim_interval,01080106,9331164,0.5,10
reachfim_interval,01080106,9328818,0.5,10
reachfim_interval,01080106,9331204,0.5,10
reachfim_interval,01080106,9328906,0.5,10
reachfim_interval,01080106,9329016,0.5,10
reachfim_interval,01080106,9328998,0.5,10
reachfim_interval,01080106,9328940,0.5,10
reachfim_interval,01080106,9328934,0.5,10
reachfim_interval,01080106,9328876,0.5,10
reachfim_interval,01080106,9328860,0.5,10
reachfim_interval,01080106,9328852,0.5,10
reachfim_interval,01080106,9328854,0.5,10
reachfim_interval,01080106,9328850,0.5,10
reachfim_interval,01080106,9328896,0.5,10
reachfim_interval,01080106,9328932,0.5,10
reachfim_interval,01080106,9328952,0.5,10
reachfim_interval,01080106,9328954,0.5,10
reachfim_interval,01080106,9328964,0.5,10
reachfim_interval,01080106,9329034,0.5,10
reachfim_interval,01080106,9329050,0.5,10
reachfim_interval,01080106,9330880,0.5,10
reachfim_interval,01080106,9329040,0.5,10
reachfim_interval,01080106,9329026,0.5,10
reachfim_interval,01080106,9328814,0.5,10
reachfim_interval,01080106,9328768,0.5,10
reachfim_interval,01080106,9330140,0.5,10
reachfim_interval,01080106,9330114,0.5,10
reachfim_interval,01080106,9330044,0.5,10
reachfim_interval,01080106,9330024,0.5,10
reachfim_interval,01080106,9330020,0.5,10
reachfim_interval,01080106,9330000,0.5,10
reachfim_interval,01080106,9329980,0.5,10
reachfim_interval,01080106,9329948,0.5,10
reachfim_interval,01080106,9329930,0.5,10
reachfim_interval,01080106,9330312,0.5,10
reachfim_interval,01080106,9331516,0.5,10
reachfim_interval,01080106,9331044,0.5,10
reachfim_interval,01080106,9331022,0.5,10
reachfim_interval,01080106,9330250,0.5,10
reachfim_interval,01080106,9330150,0.5,10
reachfim_interval,01080106,9331008,0.5,10
reachfim_interval,01080106,9328898,0.5,10
reachfim_interval,01080106,9328794,0.5,10
reachfim_interval,01080106,9328780,0.5,10
reachfim_interval,01080106,9328652,0.5,10
reachfim_interval,01080106,9331154,0.5,10
reachfim_interval,01080106,9328724,0.5,10
reachfim_interval,01080106,9329378,0.5,10
reachfim_interval,01080106,9329372,0.5,10
reachfim_interval,01080106,9329360,0.5,10
reachfim_interval,01080106,9329296,0.5,10
reachfim_interval,01080106,9329292,0.5,10
reachfim_interval,01080106,9329288,0.5,10
reachfim_interval,01080106,9329294,0.5,10
reachfim_interval,01080106,9329276,0.5,10
reachfim_interval,01080106,9329272,0.5,10
reachfim_interval,01080106,9329258,0.5,10
reachfim_interval,01080106,9329160,0.5,10
reachfim_interval,01080106,9330696,0.5,10
reachfim_interval,01080106,9331542,0.5,10
reachfim_interval,01080106,9330690,0.5,10
reachfim_interval,01080106,9331536,0.5,10
reachfim_interval,01080106,9330662,0.5,10
reachfim_interval,01080106,9330704,0.5,10
reachfim_interval,01080106,9330422,0.5,10
reachfim_interval,01080106,9331522,0.5,10
reachfim_interval,01080106,9330424,0.5,10
reachfim_interval,01080106,9330414,0.5,10
reachfim_interval,01080106,9330342,0.5,10
reachfim_interval,01080106,9330346,0.5,10
reachfim_interval,01080106,9330230,0.5,10
reachfim_interval,01080106,9331512,0.5,10
reachfim_interval,01080106,9330134,0.5,10
reachfim_interval,01080106,9331480,0.5,10
reachfim_interval,01080106,9330002,0.5,10
reachfim_interval,01080106,9331426,0.5,10
reachfim_interval,01080106,9329966,0.5,10
reachfim_interval,01080106,9331422,0.5,10
reachfim_interval,01080106,9329956,0.5,10
reachfim_interval,01080106,9331418,0.5,10
reachfim_interval,01080106,9329982,0.5,10
reachfim_interval,01080106,9329970,0.5,10
reachfim_interval,01080106,9329892,0.5,10
reachfim_interval,01080106,9329888,0.5,10
reachfim_interval,01080106,9330040,0.5,10
reachfim_interval,01080106,9330070,0.5,10
reachfim_interval,01080106,9330068,0.5,10
reachfim_interval,01080106,9330064,0.5,10
reachfim_interval,01080106,9330154,0.5,10
reachfim_interval,01080106,9329924,0.5,10
reachfim_interval,01080106,9331632,0.5,10
reachfim_interval,01080106,9331414,0.5,10
reachfim_interval,01080106,9329824,0.5,10
reachfim_interval,01080106,9331406,0.5,10
reachfim_interval,01080106,9331682,0.5,10
reachfim_interval,01080106,9329846,0.5,10
reachfim_interval,01080106,9329818,0.5,10
reachfim_interval,01080106,9329708,0.5,10
reachfim_interval,01080106,9331380,0.5,10
reachfim_interval,01080106,9329734,0.5,10
reachfim_interval,01080106,9331382,0.5,10
reachfim_interval,01080106,9329764,0.5,10
reachfim_interval,01080106,9329766,0.5,10
reachfim_interval,01080106,9331372,0.5,10
reachfim_interval,01080106,9329762,0.5,10
reachfim_interval,01080106,9329760,0.5,10
reachfim_interval,01080106,9329630,0.5,10
reachfim_interval,01080106,9331360,0.5,10
reachfim_interval,01080106,9330954,0.5,10
reachfim_interval,01080106,9331678,0.5,10
reachfim_interval,01080106,9329722,0.5,10
reachfim_interval,01080106,9330952,0.5,10
reachfim_interval,01080106,9329514,0.5,10
reachfim_interval,01080106,9331356,0.5,10
reachfim_interval,01080106,9329486,0.5,10
reachfim_interval,01080106,9331352,0.5,10
reachfim_interval,01080106,9329338,0.5,10
reachfim_interval,01080106,9329298,0.5,10
reachfim_interval,01080106,9329212,0.5,10
reachfim_interval,01080106,9329300,0.5,10
reachfim_interval,01080106,9329310,0.5,10
reachfim_interval,01080106,9329218,0.5,10
reachfim_interval,01080106,9329282,0.5,10
reachfim_interval,01080106,9329290,0.5,10
reachfim_interval,01080106,9329286,0.5,10
reachfim_interval,01080106,9329274,0.5,10
reachfim_interval,01080106,9329260,0.5,10
reachfim_interval,01080106,9329200,0.5,10
reachfim_interval,01080106,9329312,0.5,10
reachfim_interval,01080106,9331670,0.5,10
reachfim_interval,01080106,9329328,0.5,10
reachfim_interval,01080106,9329374,0.5,10
reachfim_interval,01080106,9329500,0.5,10
reachfim_interval,01080106,9329466,0.5,10
reachfim_interval,01080106,9329484,0.5,10
reachfim_interval,01080106,9329482,0.5,10
reachfim_interval,01080106,9329240,0.5,10
reachfim_interval,01080106,9331304,0.5,10
reachfim_interval,01080106,9329134,0.5,10
reachfim_interval,01080106,9331288,0.5,10
reachfim_interval,01080106,9329162,0.5,10
reachfim_interval,01080106,9329154,0.5,10
reachfim_interval,01080106,9329132,0.5,10
reachfim_interval,01080106,9329058,0.5,10
reachfim_interval,01080106,9331262,0.5,10
reachfim_interval,01080106,9328926,0.5,10
reachfim_interval,01080106,9328816,0.5,10
reachfim_interval,01080106,9328842,0.5,10
reachfim_interval,01080106,9328828,0.5,10
reachfim_interval,01080106,9328702,0.5,10
reachfim_interval,01080106,9328848,0.5,10
reachfim_interval,01080106,9328792,0.5,10
reachfim_interval,01080106,9328708,0.5,10
reachfim_interval,01080106,9328710,0.5,10
reachfim_interval,01080106,9328668,0.5,10
reachfim_interval,01080106,9328786,0.5,10
reachfim_interval,01080106,9330866,0.5,10
reachfim_interval,01080106,9328946,0.5,10
reachfim_interval,01080106,9328956,0.5,10
reachfim_interval,01080106,9329024,0.5,10
reachfim_interval,01080106,9328752,0.5,10
reachfim_interval,01080106,9328686,0.5,10
reachfim_interval,01080106,9328754,0.5,10
reachfim_interval,01080106,9328812,0.5,10
reachfim_interval,01080106,9328682,0.5,10
reachfim_interval,01080106,9329054,0.5,10
reachfim_interval,01080106,9330886,0.5,10
reachfim_interval,01080106,9329074,0.5,10
reachfim_interval,01080106,9329098,0.5,10
reachfim_interval,01080106,9329104,0.5,10
reachfim_interval,01080106,9329118,0.5,10
reachfim_interval,01080106,9329072,0.5,10
reachfim_interval,01080106,9328990,0.5,10
reachfim_interval,01080106,9329094,0.5,10
reachfim_interval,01080106,9329080,0.5,10
reachfim_interval,01080106,9328972,0.5,10
reachfim_interval,01080106,9328996,0.5,10
reachfim_interval,01080106,9329052,0.5,10
reachfim_interval,01080106,9329004,0.5,10
reachfim_interval,01080106,9329018,0.5,10
reachfim_interval,01080106,9329032,0.5,10
reachfim_interval,01080106,9329078,0.5,10
reachfim_interval,01080106,9330888,0.5,10
reachfim_interval,01080106,9328904,0.5,10
reachfim_interval,01080106,9328836,0.5,10
reachfim_interval,01080106,9328740,0.5,10
reachfim_interval,01080106,9331166,0.5,10
reachfim_interval,01080106,9331650,0.5,10
reachfim_interval,01080106,9328742,0.5,10
reachfim_interval,01080106,9328770,0.5,10
reachfim_interval,01080106,9330864,0.5,10
reachfim_interval,01080106,9328676,0.5,10
reachfim_interval,01080106,9331146,0.5,10
reachfim_interval,01080106,9330868,0.5,10
reachfim_interval,01080106,9331168,0.5,10
reachfim_interval,01080106,9328892,0.5,10
reachfim_interval,01080106,9331208,0.5,10
reachfim_interval,01080106,9330876,0.5,10
reachfim_interval,01080106,9328902,0.5,10
reachfim_interval,01080106,9328938,0.5,10
reachfim_interval,01080106,9328982,0.5,10
reachfim_interval,01080106,9328980,0.5,10
reachfim_interval,01080106,9328970,0.5,10
reachfim_interval,01080106,9328840,0.5,10
reachfim_interval,01080106,9328774,0.5,10
reachfim_interval,01080106,9328748,0.5,10
reachfim_interval,01080106,9329046,0.5,10
reachfim_interval,01080106,9328994,0.5,10
reachfim_interval,01080106,9329036,0.5,10
reachfim_interval,01080106,9329112,0.5,10
reachfim_interval,01080106,9329110,0.5,10
reachfim_interval,01080106,9329148,0.5,10
reachfim_interval,01080106,9329116,0.5,10
reachfim_interval,01080106,9329084,0.5,10
reachfim_interval,01080106,9329062,0.5,10
reachfim_interval,01080106,9328992,0.5,10
reachfim_interval,01080106,9329066,0.5,10
reachfim_interval,01080106,9331224,0.5,10
reachfim_interval,01080106,9329056,0.5,10
reachfim_interval,01080106,9329086,0.5,10
reachfim_interval,01080106,9329028,0.5,10
reachfim_interval,01080106,9328968,0.5,10
reachfim_interval,01080106,9328864,0.5,10
reachfim_interval,01080106,9328888,0.5,10
reachfim_interval,01080106,9328886,0.5,10
reachfim_interval,01080106,9328928,0.5,10
reachfim_interval,01080106,9328866,0.5,10
reachfim_interval,01080106,9328822,0.5,10
reachfim_interval,01080106,9328920,0.5,10
reachfim_interval,01080106,9328986,0.5,10
reachfim_interval,01080106,9328988,0.5,10
reachfim_interval,01080106,9328942,0.5,10
reachfim_interval,01080106,9328950,0.5,10
reachfim_interval,01080106,9328862,0.5,10
reachfim_interval,01080106,9328746,0.5,10
reachfim_interval,01080106,9328728,0.5,10
reachfim_interval,01080106,9328718,0.5,10
reachfim_interval,01080106,9328738,0.5,10
reachfim_interval,01080106,9328736,0.5,10
reachfim_interval,01080106,9328764,0.5,10
reachfim_interval,01080106,9328784,0.5,10
reachfim_interval,01080106,9328782,0.5,10
reachfim_interval,01080106,9328716,0.5,10
reachfim_interval,01080106,9328804,0.5,10
reachfim_interval,01080106,9328820,0.5,10
reachfim_interval,01080106,9328826,0.5,10
reachfim_interval,01080106,9328962,0.5,10
reachfim_interval,01080106,9328824,0.5,10
reachfim_interval,01080106,9328944,0.5,10
reachfim_interval,01080106,9328872,0.5,10
reachfim_interval,01080106,9328762,0.5,10
reachfim_interval,01080106,9328730,0.5,10
reachfim_interval,01080106,9328776,0.5,10
reachfim_interval,01080106,9330874,0.5,10
reachfim_interval,01080106,9328772,0.5,10
reachfim_interval,01080106,9329002,0.5,10
reachfim_interval,01080106,9331232,0.5,10
reachfim_interval,01080106,9329042,0.5,10
reachfim_interval,01080106,9331236,0.5,10
reachfim_interval,01080106,9331652,0.5,10
reachfim_interval,01080106,9330884,0.5,10
reachfim_interval,01080106,9331626,0.5,10
reachfim_interval,01080106,9331276,0.5,10
reachfim_interval,01080106,9329176,0.5,10
reachfim_interval,01080106,9331296,0.5,10
reachfim_interval,01080106,9329634,0.5,10
reachfim_interval,01080106,9331362,0.5,10
reachfim_interval,01080106,9329680,0.5,10
reachfim_interval,01080106,9331368,0.5,10
reachfim_interval,01080106,9329668,0.5,10
reachfim_interval,01080106,9329556,0.5,10
reachfim_interval,01080106,9329532,0.5,10
reachfim_interval,01080106,9330958,0.5,10
reachfim_interval,01080106,9329674,0.5,10
reachfim_interval,01080106,9329704,0.5,10
reachfim_interval,01080106,9331384,0.5,10
reachfim_interval,01080106,9330962,0.5,10
reachfim_interval,01080106,9329646,0.5,10
reachfim_interval,01080106,9330968,0.5,10
reachfim_interval,01080106,9329744,0.5,10
reachfim_interval,01080106,9331390,0.5,10
reachfim_interval,01080106,9331394,0.5,10
reachfim_interval,01080106,9331396,0.5,10
reachfim_interval,01080106,9329788,0.5,10
reachfim_interval,01080106,9329882,0.5,10
reachfim_interval,01080106,9331408,0.5,10
reachfim_interval,01080106,9329968,0.5,10
reachfim_interval,01080106,9331430,0.5,10
reachfim_interval,01080106,9329910,0.5,10
reachfim_interval,01080106,9330986,0.5,10
reachfim_interval,01080106,9329878,0.5,10
reachfim_interval,01080106,9329860,0.5,10
reachfim_interval,01080106,9329786,0.5,10
reachfim_interval,01080106,9330982,0.5,10
reachfim_interval,01080106,9330994,0.5,10
reachfim_interval,01080106,9330988,0.5,10
reachfim_interval,01080106,9329870,0.5,10
reachfim_interval,01080106,9329886,0.5,10
reachfim_interval,01080106,9329842,0.5,10
reachfim_interval,01080106,9329812,0.5,10
reachfim_interval,01080106,9329796,0.5,10
reachfim_interval,01080106,9329830,0.5,10
reachfim_interval,01080106,9329844,0.5,10
reachfim_interval,01080106,9330984,0.5,10
reachfim_interval,01080106,9330096,0.5,10
reachfim_interval,01080106,9331004,0.5,10
reachfim_interval,01080106,9330224,0.5,10
reachfim_interval,01080106,9330254,0.5,10
reachfim_interval,01080106,9330240,0.5,10
reachfim_interval,01080106,9330274,0.5,10
reachfim_interval,01080106,9330162,0.5,10
reachfim_interval,01080106,9330182,0.5,10
reachfim_interval,01080106,9330206,0.5,10
reachfim_interval,01080106,9330248,0.5,10
reachfim_interval,01080106,9331040,0.5,10
reachfim_interval,01080106,9330204,0.5,10
reachfim_interval,01080106,9330238,0.5,10
reachfim_interval,01080106,9330094,0.5,10
reachfim_interval,01080106,9329928,0.5,10
reachfim_interval,01080106,9330042,0.5,10
reachfim_interval,01080106,9331680,0.5,10
reachfim_interval,01080106,9330030,0.5,10
reachfim_interval,01080106,9329942,0.5,10
reachfim_interval,01080106,9329908,0.5,10
reachfim_interval,01080106,9329940,0.5,10
reachfim_interval,01080106,9330058,0.5,10
reachfim_interval,01080106,9330128,0.5,10
reachfim_interval,01080106,9330112,0.5,10
reachfim_interval,01080106,9330022,0.5,10
reachfim_interval,01080106,9330018,0.5,10
reachfim_interval,01080106,9329998,0.5,10
reachfim_interval,01080106,9329978,0.5,10
reachfim_interval,01080106,9329934,0.5,10
reachfim_interval,01080106,9329950,0.5,10
reachfim_interval,01080106,9329916,0.5,10
reachfim_interval,01080106,9330066,0.5,10
reachfim_interval,01080106,9330048,0.5,10
reachfim_interval,01080106,9330110,0.5,10
reachfim_interval,01080106,9330102,0.5,10
reachfim_interval,01080106,9329984,0.5,10
reachfim_interval,01080106,9330100,0.5,10
reachfim_interval,01080106,9329996,0.5,10
reachfim_interval,01080106,9330036,0.5,10
reachfim_interval,01080106,9331444,0.5,10
reachfim_interval,01080106,9331440,0.5,10
reachfim_interval,01080106,9330076,0.5,10
reachfim_interval,01080106,9331462,0.5,10
reachfim_interval,01080106,9330074,0.5,10
reachfim_interval,01080106,9330092,0.5,10
reachfim_interval,01080106,9330118,0.5,10
reachfim_interval,01080106,9331472,0.5,10
reachfim_interval,01080106,9330210,0.5,10
reachfim_interval,01080106,9331484,0.5,10
reachfim_interval,01080106,9330186,0.5,10
reachfim_interval,01080106,9330198,0.5,10
reachfim_interval,01080106,9331476,0.5,10
reachfim_interval,01080106,9330258,0.5,10
reachfim_interval,01080106,9330266,0.5,10
reachfim_interval,01080106,9330244,0.5,10
reachfim_interval,01080106,9330242,0.5,10
reachfim_interval,01080106,9331018,0.5,10
reachfim_interval,01080106,9331016,0.5,10
reachfim_interval,01080106,9330188,0.5,10
reachfim_interval,01080106,9330260,0.5,10
reachfim_interval,01080106,9330322,0.5,10
reachfim_interval,01080106,9331048,0.5,10
reachfim_interval,01080106,9330334,0.5,10
reachfim_interval,01080106,9331050,0.5,10
reachfim_interval,01080106,9330366,0.5,10
reachfim_interval,01080106,9330270,0.5,10
reachfim_interval,01080106,9331038,0.5,10
reachfim_interval,01080106,9330278,0.5,10
reachfim_interval,01080106,9330298,0.5,10
reachfim_interval,01080106,9331046,0.5,10
reachfim_interval,01080106,9330264,0.5,10
reachfim_interval,01080106,9330268,0.5,10
reachfim_interval,01080106,9330208,0.5,10
reachfim_interval,01080106,9330168,0.5,10
reachfim_interval,01080106,9330122,0.5,10
reachfim_interval,01080106,9330444,0.5,10
reachfim_interval,01080106,9331524,0.5,10
reachfim_interval,01080106,9330438,0.5,10
reachfim_interval,01080106,9331692,0.5,10
reachfim_interval,01080106,9330432,0.5,10
reachfim_interval,01080106,9330440,0.5,10
reachfim_interval,01080106,9331694,0.5,10
reachfim_interval,01080106,9330426,0.5,10
reachfim_interval,01080106,9330588,0.5,10
reachfim_interval,01080106,9331530,0.5,10
reachfim_interval,01080106,9330584,0.5,10
reachfim_interval,01080106,9330526,0.5,10
reachfim_interval,01080106,9330514,0.5,10
reachfim_interval,01080106,9330610,0.5,10
reachfim_interval,01080106,9331056,0.5,10
reachfim_interval,01080106,9330528,0.5,10
reachfim_interval,01080106,9328666,0.5,10
reachfim_interval,01080106,9328698,0.5,10
reachfim_interval,01080106,9330870,0.5,10
reachfim_interval,01080106,9328802,0.5,10
reachfim_interval,01080106,9328694,0.5,10
reachfim_interval,01080106,9328692,0.5,10
reachfim_interval,01080106,9328660,0.5,10
reachfim_interval,01080106,9328808,0.5,10
reachfim_interval,01080106,9330862,0.5,10
reachfim_interval,01080106,9330202,0.5,10
reachfim_interval,01080106,9330200,0.5,10
reachfim_interval,01080106,9330156,0.5,10
reachfim_interval,01080106,9330160,0.5,10
reachfim_interval,01080106,9330158,0.5,10
reachfim_interval,01080106,9329992,0.5,10
reachfim_interval,01080106,9330660,0.5,10
reachfim_interval,01080106,9330670,0.5,10
reachfim_interval,01080106,9331702,0.5,10
reachfim_interval,01080106,9327904,0.5,10
reachfim_interval,01080106,9331148,0.5,10
reachfim_interval,01080106,9331152,0.5,10
reachfim_interval,01080106,9331330,0.5,10
reachfim_interval,01080106,9331514,0.5,10
reachfim_interval,01080106,10102360,0.5,10
reachfim_interval,01080106,10102354,0.5,10
reachfim_interval,01080106,10102348,0.5,10
reachfim_interval,01080106,10102338,0.5,10
reachfim_interval,01080106,10102820,0.5,10
reachfim_interval,01080106,10102310,0.5,10
reachfim_interval,01080106,10102816,0.5,10
reachfim_interval,01080106,10102312,0.5,10
reachfim_interval,01080106,10102306,0.5,10
reachfim_interval,01080106,10102294,0.5,10
reachfim_interval,01080106,10102290,0.5,10
reachfim_interval,01080106,10102266,0.5,10
reachfim_interval,01080106,10102248,0.5,10
reachfim_interval,01080106,10102786,0.5,10
reachfim_interval,01080106,10102210,0.5,10
reachfim_interval,01080106,10102204,0.5,10
reachfim_interval,01080106,10102200,0.5,10
reachfim_interval,01080106,10102172,0.5,10
reachfim_interval,01080106,10102124,0.5,10
reachfim_interval,01080106,10102084,0.5,10
reachfim_interval,01080106,10102068,0.5,10
reachfim_interval,01080106,10102760,0.5,10
reachfim_interval,01080106,10102040,0.5,10
reachfim_interval,01080106,10102050,0.5,10
reachfim_interval,01080106,10102048,0.5,10
reachfim_interval,01080106,10102062,0.5,10
reachfim_interval,01080106,10102064,0.5,10
reachfim_interval,01080106,10102058,0.5,10
reachfim_interval,01080106,10102078,0.5,10
reachfim_interval,01080106,10102080,0.5,10
reachfim_interval,01080106,10102096,0.5,10
reachfim_interval,01080106,10102216,0.5,10
reachfim_interval,01080106,10102218,0.5,10
reachfim_interval,01080106,10102780,0.5,10
reachfim_interval,01080106,10102190,0.5,10
reachfim_interval,01080106,10102212,0.5,10
reachfim_interval,01080106,10102228,0.5,10
reachfim_interval,01080106,10102230,0.5,10
reachfim_interval,01080106,10102232,0.5,10
reachfim_interval,01080106,10102790,0.5,10
reachfim_interval,01080106,10102828,0.5,10
reachfim_interval,01080106,10102270,0.5,10
reachfim_interval,01080106,10102272,0.5,10
reachfim_interval,01080106,10102276,0.5,10
reachfim_interval,01080106,10102278,0.5,10
reachfim_interval,01080106,10102284,0.5,10
reachfim_interval,01080106,10102812,0.5,10
reachfim_interval,01080106,10102352,0.5,10
reachfim_interval,01080106,10102344,0.5,10
reachfim_interval,01080106,10102808,0.5,10
reachfim_interval,01080106,10102308,0.5,10
reachfim_interval,01080106,10102302,0.5,10
reachfim_interval,01080106,10102288,0.5,10
reachfim_interval,01080106,10102264,0.5,10
reachfim_interval,01080106,10102242,0.5,10
reachfim_interval,01080106,10102246,0.5,10
reachfim_interval,01080106,10102784,0.5,10
reachfim_interval,01080106,10102942,0.5,10
reachfim_interval,01080106,10102202,0.5,10
reachfim_interval,01080106,10102160,0.5,10
reachfim_interval,01080106,10102198,0.5,10
reachfim_interval,01080106,10102170,0.5,10
reachfim_interval,01080106,10102088,0.5,10
reachfim_interval,01080106,10102076,0.5,10
reachfim_interval,01080106,10102074,0.5,10
reachfim_interval,01080106,10102758,0.5,10
reachfim_interval,01080106,10102038,0.5,10
reachfim_interval,01080106,10102042,0.5,10
reachfim_interval,01080106,10102046,0.5,10
reachfim_interval,01080106,10102056,0.5,10
reachfim_interval,01080106,10102054,0.5,10
reachfim_interval,01080106,10102070,0.5,10
reachfim_interval,01080106,10102060,0.5,10
reachfim_interval,01080106,10102104,0.5,10
reachfim_interval,01080106,10102094,0.5,10
reachfim_interval,01080106,10102086,0.5,10
reachfim_interval,01080106,10102082,0.5,10
reachfim_interval,01080106,10102102,0.5,10
reachfim_interval,01080106,10102112,0.5,10
reachfim_interval,01080106,10102072,0.5,10
reachfim_interval,01080106,10102766,0.5,10
reachfim_interval,01080106,10102768,0.5,10
reachfim_interval,01080106,10102098,0.5,10
reachfim_interval,01080106,10102106,0.5,10
reachfim_interval,01080106,10102100,0.5,10
reachfim_interval,01080106,10102772,0.5,10
reachfim_interval,01080106,10102128,0.5,10
reachfim_interval,01080106,10102126,0.5,10
reachfim_interval,01080106,10102188,0.5,10
reachfim_interval,01080106,10102154,0.5,10
reachfim_interval,01080106,10102192,0.5,10
reachfim_interval,01080106,10102214,0.5,10
reachfim_interval,01080106,10102186,0.5,10
reachfim_interval,01080106,10102168,0.5,10
reachfim_interval,01080106,10102156,0.5,10
reachfim_interval,01080106,10102136,0.5,10
reachfim_interval,01080106,10102122,0.5,10
reachfim_interval,01080106,10102182,0.5,10
reachfim_interval,01080106,10102162,0.5,10
reachfim_interval,01080106,10102152,0.5,10
reachfim_interval,01080106,10102142,0.5,10
reachfim_interval,01080106,10102150,0.5,10
reachfim_interval,01080106,10102140,0.5,10
reachfim_interval,01080106,10102164,0.5,10
reachfim_interval,01080106,10102166,0.5,10
reachfim_interval,01080106,10102148,0.5,10
reachfim_interval,01080106,10102120,0.5,10
reachfim_interval,01080106,10102138,0.5,10
reachfim_interval,01080106,10102130,0.5,10
reachfim_interval,01080106,10102158,0.5,10
reachfim_interval,01080106,10102226,0.5,10
reachfim_interval,01080106,10102234,0.5,10
reachfim_interval,01080106,10102180,0.5,10
reachfim_interval,01080106,10102776,0.5,10
reachfim_interval,01080106,10102178,0.5,10
reachfim_interval,01080106,10102184,0.5,10
reachfim_interval,01080106,10102792,0.5,10
reachfim_interval,01080106,10102788,0.5,10
reachfim_interval,01080106,10102804,0.5,10
reachfim_interval,01080106,10102256,0.5,10
reachfim_interval,01080106,10102252,0.5,10
reachfim_interval,01080106,10102262,0.5,10
reachfim_interval,01080106,10102280,0.5,10
reachfim_interval,01080106,10102814,0.5,10
reachfim_interval,01080106,10102244,0.5,10
reachfim_interval,01080106,10102250,0.5,10
reachfim_interval,01080106,10102254,0.5,10
reachfim_interval,01080106,10102260,0.5,10
reachfim_interval,01080106,10102282,0.5,10
reachfim_interval,01080106,10102268,0.5,10
reachfim_interval,01080106,10102274,0.5,10
reachfim_interval,01080106,10102286,0.5,10
reachfim_interval,01080106,10102298,0.5,10
reachfim_interval,01080106,10102318,0.5,10
reachfim_interval,01080106,10102300,0.5,10
reachfim_interval,01080106,10102304,0.5,10
reachfim_interval,01080106,10102324,0.5,10
reachfim_interval,01080106,10102328,0.5,10
reachfim_interval,01080106,10102824,0.5,10
reachfim_interval,01080106,10102370,0.5,10
reachfim_interval,01080106,10102386,0.5,10
reachfim_interval,01080106,10102384,0.5,10
reachfim_interval,01080106,9331042,0.5,10
reachfim_interval,01080106,10102922,0.5,10
reachfim_interval,01080106,6090257,0.5,10
reachfim_interval,01080106,6090259,0.5,10
reachfim_interval,01080106,6090267,0.5,10
reachfim_interval,01080106,6090269,0.5,10
reachfim_interval,01080106,6090271,0.5,10
reachfim_interval,01080106,6090273,0.5,10
reachfim_interval,01080106,6090275,0.5,10
reachfim_interval,01080106,6090247,0.5,10
reachfim_interval,01080106,6090249,0.5,10
reachfim_interval,01080106,6090251,0.5,10
reachfim_interval,01080106,6090223,0.5,10
reachfim_interval,01080106,6090225,0.5,10
reachfim_interval,01080106,6090235,0.5,10
reachfim_interval,01080106,6090237,0.5,10
reachfim_interval,01080106,6090239,0.5,10
reachfim_interval,01080106,6090277,0.5,10
reachfim_interval,01080106,6090279,0.5,10
reachfim_interval,01080106,6090281,0.5,10
reachfim_interval,01080106,6090283,0.5,10
reachfim_interval,01080106,6090307,0.5,10
reachfim_interval,01080106,6090227,0.5,10
reachfim_interval,01080106,6090229,0.5,10
reachfim_interval,01080106,6090231,0.5,10
reachfim_interval,01080106,6090261,0.5,10
reachfim_interval,01080106,6090263,0.5,10
reachfim_interval,01080106,6090265,0.5,10
reachfim_interval,01080106,9331210,0.5,10
reachfim_interval,01080106,9331212,0.5,10
reachfim_interval,01080106,9331214,0.5,10
reachfim_interval,01080106,9331216,0.5,10
reachfim_interval,01080106,9331218,0.5,10
reachfim_interval,01080106,9331498,0.5,10
reachfim_interval,01080106,9331500,0.5,10
reachfim_interval,01080106,9331502,0.5,10
reachfim_interval,01080106,9331504,0.5,10
reachfim_interval,01080106,9331506,0.5,10
reachfim_interval,01080106,9331508,0.5,10
reachfim_interval,01080106,166174528,0.5,10
reachfim_interval,01080106,166174542,0.5,10
reachfim_interval,01080106,9327878,0.5,10
reachfim_interval,01080106,166174538,0.5,10
reachfim_interval,01080106,166174539,0.5,10
