reachfim_interval,01080106,10102360,0.5,10
reachfim_interval,01080106,10102354,0.5,10
reachfim_interval,01080106,10102348,0.5,10
reachfim_interval,01080106,10102338,0.5,10
reachfim_interval,01080106,10102820,0.5,10
reachfim_interval,01080106,10102310,0.5,10
reachfim_interval,01080106,10102816,0.5,10
reachfim_interval,01080106,10102312,0.5,10
reachfim_interval,01080106,10102306,0.5,10
reachfim_interval,01080106,10102294,0.5,10
reachfim_interval,01080106,10102290,0.5,10
reachfim_interval,01080106,10102266,0.5,10
reachfim_interval,01080106,10102248,0.5,10
reachfim_interval,01080106,10102786,0.5,10
reachfim_interval,01080106,10102210,0.5,10
reachfim_interval,01080106,10102204,0.5,10
reachfim_interval,01080106,10102200,0.5,10
reachfim_interval,01080106,10102172,0.5,10
reachfim_interval,01080106,10102124,0.5,10
reachfim_interval,01080106,10102084,0.5,10
reachfim_interval,01080106,10102068,0.5,10
reachfim_interval,01080106,10102760,0.5,10
reachfim_interval,01080106,10102040,0.5,10
reachfim_interval,01080106,10102050,0.5,10
reachfim_interval,01080106,10102048,0.5,10
reachfim_interval,01080106,10102062,0.5,10
reachfim_interval,01080106,10102064,0.5,10
reachfim_interval,01080106,10102058,0.5,10
reachfim_interval,01080106,10102078,0.5,10
reachfim_interval,01080106,10102080,0.5,10
reachfim_interval,01080106,10102096,0.5,10
reachfim_interval,01080106,10102216,0.5,10
reachfim_interval,01080106,10102218,0.5,10
reachfim_interval,01080106,10102780,0.5,10
reachfim_interval,01080106,10102190,0.5,10
reachfim_interval,01080106,10102212,0.5,10
reachfim_interval,01080106,10102228,0.5,10
reachfim_interval,01080106,10102230,0.5,10
reachfim_interval,01080106,10102232,0.5,10
reachfim_interval,01080106,10102790,0.5,10
reachfim_interval,01080106,10102828,0.5,10
reachfim_interval,01080106,10102270,0.5,10
reachfim_interval,01080106,10102272,0.5,10
reachfim_interval,01080106,10102276,0.5,10
reachfim_interval,01080106,10102278,0.5,10
reachfim_interval,01080106,10102284,0.5,10
reachfim_interval,01080106,10102812,0.5,10
reachfim_interval,01080106,10102352,0.5,10
reachfim_interval,01080106,10102344,0.5,10
reachfim_interval,01080106,10102808,0.5,10
reachfim_interval,01080106,10102308,0.5,10
reachfim_interval,01080106,10102302,0.5,10
reachfim_interval,01080106,10102288,0.5,10
reachfim_interval,01080106,10102264,0.5,10
reachfim_interval,01080106,10102242,0.5,10
reachfim_interval,01080106,10102246,0.5,10
reachfim_interval,01080106,10102784,0.5,10
reachfim_interval,01080106,10102942,0.5,10
reachfim_interval,01080106,10102202,0.5,10
reachfim_interval,01080106,10102160,0.5,10
reachfim_interval,01080106,10102198,0.5,10
reachfim_interval,01080106,10102170,0.5,10
reachfim_interval,01080106,10102088,0.5,10
reachfim_interval,01080106,10102076,0.5,10
reachfim_interval,01080106,10102074,0.5,10
reachfim_interval,01080106,10102758,0.5,10
reachfim_interval,01080106,10102038,0.5,10
reachfim_interval,01080106,10102042,0.5,10
reachfim_interval,01080106,10102046,0.5,10
reachfim_interval,01080106,10102056,0.5,10
reachfim_interval,01080106,10102054,0.5,10
reachfim_interval,01080106,10102070,0.5,10
reachfim_interval,01080106,10102060,0.5,10
reachfim_interval,01080106,10102104,0.5,10
reachfim_interval,01080106,10102094,0.5,10
reachfim_interval,01080106,10102086,0.5,10
reachfim_interval,01080106,10102082,0.5,10
reachfim_interval,01080106,10102102,0.5,10
reachfim_interval,01080106,10102112,0.5,10
reachfim_interval,01080106,10102072,0.5,10
reachfim_interval,01080106,10102766,0.5,10
reachfim_interval,01080106,10102768,0.5,10
reachfim_interval,01080106,10102098,0.5,10
reachfim_interval,01080106,10102106,0.5,10
reachfim_interval,01080106,10102100,0.5,10
reachfim_interval,01080106,10102772,0.5,10
reachfim_interval,01080106,10102128,0.5,10
reachfim_interval,01080106,10102126,0.5,10
reachfim_interval,01080106,10102188,0.5,10
reachfim_interval,01080106,10102154,0.5,10
reachfim_interval,01080106,10102192,0.5,10
reachfim_interval,01080106,10102214,0.5,10
reachfim_interval,01080106,10102186,0.5,10
reachfim_interval,01080106,10102168,0.5,10
reachfim_interval,01080106,10102156,0.5,10
reachfim_interval,01080106,10102136,0.5,10
reachfim_interval,01080106,10102122,0.5,10
reachfim_interval,01080106,10102182,0.5,10
reachfim_interval,01080106,10102162,0.5,10
reachfim_interval,01080106,10102152,0.5,10
reachfim_interval,01080106,10102142,0.5,10
reachfim_interval,01080106,10102150,0.5,10
reachfim_interval,01080106,10102140,0.5,10
reachfim_interval,01080106,10102164,0.5,10
reachfim_interval,01080106,10102166,0.5,10
reachfim_interval,01080106,10102148,0.5,10
reachfim_interval,01080106,10102120,0.5,10
reachfim_interval,01080106,10102138,0.5,10
reachfim_interval,01080106,10102130,0.5,10
reachfim_interval,01080106,10102158,0.5,10
reachfim_interval,01080106,10102226,0.5,10
reachfim_interval,01080106,10102234,0.5,10
reachfim_interval,01080106,10102180,0.5,10
reachfim_interval,01080106,10102776,0.5,10
reachfim_interval,01080106,10102178,0.5,10
reachfim_interval,01080106,10102184,0.5,10
reachfim_interval,01080106,10102792,0.5,10
reachfim_interval,01080106,10102788,0.5,10
reachfim_interval,01080106,10102804,0.5,10
reachfim_interval,01080106,10102256,0.5,10
reachfim_interval,01080106,10102252,0.5,10
reachfim_interval,01080106,10102262,0.5,10
reachfim_interval,01080106,10102280,0.5,10
reachfim_interval,01080106,10102814,0.5,10
reachfim_interval,01080106,10102244,0.5,10
reachfim_interval,01080106,10102250,0.5,10
reachfim_interval,01080106,10102254,0.5,10
reachfim_interval,01080106,10102260,0.5,10
reachfim_interval,01080106,10102282,0.5,10
reachfim_interval,01080106,10102268,0.5,10
reachfim_interval,01080106,10102274,0.5,10
reachfim_interval,01080106,10102286,0.5,10
reachfim_interval,01080106,10102298,0.5,10
reachfim_interval,01080106,10102318,0.5,10
reachfim_interval,01080106,10102300,0.5,10
reachfim_interval,01080106,10102304,0.5,10
reachfim_interval,01080106,10102324,0.5,10
reachfim_interval,01080106,10102328,0.5,10
reachfim_interval,01080106,10102824,0.5,10
reachfim_interval,01080106,10102370,0.5,10
reachfim_interval,01080106,10102386,0.5,10
reachfim_interval,01080106,10102384,0.5,10
reachfim_interval,01080106,10102920,0.5,10
reachfim_interval,01080107,10103812,0.5,10
reachfim_interval,01080107,10103818,0.5,10
reachfim_interval,01080107,10103798,0.5,10
reachfim_interval,01080107,10103936,0.5,10
reachfim_interval,01080107,10103942,0.5,10
reachfim_interval,01080107,10103948,0.5,10
reachfim_interval,01080107,10103980,0.5,10
reachfim_interval,01080107,10103940,0.5,10
reachfim_interval,01080107,10103950,0.5,10
reachfim_interval,01080107,10103934,0.5,10
reachfim_interval,01080107,10103952,0.5,10
reachfim_interval,01080107,10105032,0.5,10
reachfim_interval,01080107,10103938,0.5,10
reachfim_interval,01080107,10103774,0.5,10
reachfim_interval,01080107,10103930,0.5,10
reachfim_interval,01080107,10103772,0.5,10
reachfim_interval,01080107,10103928,0.5,10
reachfim_interval,01080107,10103744,0.5,10
reachfim_interval,01080107,10103926,0.5,10
reachfim_interval,01080107,10103922,0.5,10
reachfim_interval,01080107,10103916,0.5,10
reachfim_interval,01080107,10103968,0.5,10
reachfim_interval,01080107,10103914,0.5,10
reachfim_interval,01080107,10103700,0.5,10
reachfim_interval,01080107,10103918,0.5,10
reachfim_interval,01080107,10103910,0.5,10
reachfim_interval,01080107,10103684,0.5,10
reachfim_interval,01080107,10103908,0.5,10
reachfim_interval,01080107,10103906,0.5,10
reachfim_interval,01080107,10103664,0.5,10
reachfim_interval,01080107,10103904,0.5,10
reachfim_interval,01080107,10102732,0.5,10
reachfim_interval,01080107,10103660,0.5,10
reachfim_interval,01080107,10102724,0.5,10
reachfim_interval,01080107,10102702,0.5,10
reachfim_interval,01080107,10102696,0.5,10
reachfim_interval,01080107,10102680,0.5,10
reachfim_interval,01080107,10102672,0.5,10
reachfim_interval,01080107,10102660,0.5,10
reachfim_interval,01080107,10102654,0.5,10
reachfim_interval,01080107,10102652,0.5,10
reachfim_interval,01080107,10102620,0.5,10
reachfim_interval,01080107,10102632,0.5,10
reachfim_interval,01080107,10102636,0.5,10
reachfim_interval,01080107,10102634,0.5,10
reachfim_interval,01080107,10102628,0.5,10
reachfim_interval,01080107,10102614,0.5,10
reachfim_interval,01080107,10102604,0.5,10
reachfim_interval,01080107,10102584,0.5,10
reachfim_interval,01080107,10102566,0.5,10
reachfim_interval,01080107,10102586,0.5,10
reachfim_interval,01080107,10102588,0.5,10
reachfim_interval,01080107,10102890,0.5,10
reachfim_interval,01080107,10102950,0.5,10
reachfim_interval,01080107,10102872,0.5,10
reachfim_interval,01080107,10102930,0.5,10
reachfim_interval,01080107,10102874,0.5,10
reachfim_interval,01080107,10102870,0.5,10
reachfim_interval,01080107,10102406,0.5,10
reachfim_interval,01080107,10102374,0.5,10
reachfim_interval,01080107,10102316,0.5,10
reachfim_interval,01080107,10102296,0.5,10
reachfim_interval,01080107,10102796,0.5,10
reachfim_interval,01080107,10102222,0.5,10
reachfim_interval,01080107,10102206,0.5,10
reachfim_interval,01080107,10102174,0.5,10
reachfim_interval,01080107,10102144,0.5,10
reachfim_interval,01080107,10102134,0.5,10
reachfim_interval,01080107,10102108,0.5,10
reachfim_interval,01080107,10102090,0.5,10
reachfim_interval,01080107,10102762,0.5,10
reachfim_interval,01080107,10102838,0.5,10
reachfim_interval,01080107,10102402,0.5,10
reachfim_interval,01080107,10102364,0.5,10
reachfim_interval,01080107,10102822,0.5,10
reachfim_interval,01080107,10102428,0.5,10
reachfim_interval,01080107,10102836,0.5,10
reachfim_interval,01080107,10102440,0.5,10
reachfim_interval,01080107,10102846,0.5,10
reachfim_interval,01080107,10102464,0.5,10
reachfim_interval,01080107,10102880,0.5,10
reachfim_interval,01080107,10102560,0.5,10
reachfim_interval,01080107,10102952,0.5,10
reachfim_interval,01080107,10102552,0.5,10
reachfim_interval,01080107,10102554,0.5,10
reachfim_interval,01080107,10102544,0.5,10
reachfim_interval,01080107,10102534,0.5,10
reachfim_interval,01080107,10102884,0.5,10
reachfim_interval,01080107,10102932,0.5,10
reachfim_interval,01080107,10102510,0.5,10
reachfim_interval,01080107,10102894,0.5,10
reachfim_interval,01080107,10102648,0.5,10
reachfim_interval,01080107,10102666,0.5,10
reachfim_interval,01080107,10102692,0.5,10
reachfim_interval,01080107,10102688,0.5,10
reachfim_interval,01080107,10102678,0.5,10
reachfim_interval,01080107,10102690,0.5,10
reachfim_interval,01080107,10102904,0.5,10
reachfim_interval,01080107,10103732,0.5,10
reachfim_interval,01080107,10103920,0.5,10
reachfim_interval,01080107,10103734,0.5,10
reachfim_interval,01080107,10103738,0.5,10
reachfim_interval,01080107,10103754,0.5,10
reachfim_interval,01080107,10103756,0.5,10
reachfim_interval,01080107,10103782,0.5,10
reachfim_interval,01080107,10103804,0.5,10
reachfim_interval,01080107,10103806,0.5,10
reachfim_interval,01080107,10103808,0.5,10
reachfim_interval,01080107,10103894,0.5,10
reachfim_interval,01080107,10102508,0.5,10
reachfim_interval,01080107,10102926,0.5,10
reachfim_interval,01080107,10102848,0.5,10
reachfim_interval,01080107,10102844,0.5,10
reachfim_interval,01080107,10102452,0.5,10
reachfim_interval,01080107,10102460,0.5,10
reachfim_interval,01080107,10102462,0.5,10
reachfim_interval,01080107,10102450,0.5,10
reachfim_interval,01080107,10102446,0.5,10
reachfim_interval,01080107,10102424,0.5,10
reachfim_interval,01080107,10102422,0.5,10
reachfim_interval,01080107,10102404,0.5,10
reachfim_interval,01080107,10102390,0.5,10
reachfim_interval,01080107,10102388,0.5,10
reachfim_interval,01080107,10102382,0.5,10
reachfim_interval,01080107,10102826,0.5,10
reachfim_interval,01080107,10102336,0.5,10
reachfim_interval,01080107,10102334,0.5,10
reachfim_interval,01080107,10102350,0.5,10
reachfim_interval,01080107,10102342,0.5,10
reachfim_interval,01080107,10102362,0.5,10
reachfim_interval,01080107,10102346,0.5,10
reachfim_interval,01080107,10102924,0.5,10
reachfim_interval,01080107,10102412,0.5,10
reachfim_interval,01080107,10102840,0.5,10
reachfim_interval,01080107,10102478,0.5,10
reachfim_interval,01080107,10102490,0.5,10
reachfim_interval,01080107,10102492,0.5,10
reachfim_interval,01080107,10102856,0.5,10
reachfim_interval,01080107,10103740,0.5,10
reachfim_interval,01080107,10103722,0.5,10
reachfim_interval,01080107,10103708,0.5,10
reachfim_interval,01080107,10103688,0.5,10
reachfim_interval,01080107,10103678,0.5,10
reachfim_interval,01080107,10103884,0.5,10
reachfim_interval,01080107,10102852,0.5,10
reachfim_interval,01080107,10102522,0.5,10
reachfim_interval,01080107,10102540,0.5,10
reachfim_interval,01080107,10102314,0.5,10
reachfim_interval,01080107,10102806,0.5,10
reachfim_interval,01080107,10102802,0.5,10
reachfim_interval,01080107,10102240,0.5,10
reachfim_interval,01080107,10102236,0.5,10
reachfim_interval,01080107,10102918,0.5,10
reachfim_interval,01080107,10102438,0.5,10
reachfim_interval,01080107,10102416,0.5,10
reachfim_interval,01080107,10102380,0.5,10
reachfim_interval,01080107,10102900,0.5,10
reachfim_interval,01080107,10102598,0.5,10
reachfim_interval,01080107,10102590,0.5,10
reachfim_interval,01080107,10102580,0.5,10
reachfim_interval,01080107,10102562,0.5,10
reachfim_interval,01080107,10102882,0.5,10
reachfim_interval,01080107,10103694,0.5,10
reachfim_interval,01080107,10103974,0.5,10
reachfim_interval,01080107,10103690,0.5,10
reachfim_interval,01080107,10103680,0.5,10
reachfim_interval,01080107,10103670,0.5,10
reachfim_interval,01080107,10103964,0.5,10
reachfim_interval,01080107,10102736,0.5,10
reachfim_interval,01080107,10102728,0.5,10
reachfim_interval,01080107,10103788,0.5,10
reachfim_interval,01080107,10103932,0.5,10
reachfim_interval,01080107,10103794,0.5,10
reachfim_interval,01080107,10103786,0.5,10
reachfim_interval,01080107,10103780,0.5,10
reachfim_interval,01080107,10103956,0.5,10
reachfim_interval,01080107,10102582,0.5,10
reachfim_interval,01080107,10102572,0.5,10
reachfim_interval,01080107,10102556,0.5,10
reachfim_interval,01080107,10102546,0.5,10
reachfim_interval,01080107,10102864,0.5,10
reachfim_interval,01080107,10102480,0.5,10
reachfim_interval,01080107,10102434,0.5,10
reachfim_interval,01080107,10103984,0.5,10
reachfim_interval,01080107,10103638,0.5,10
reachfim_interval,01080107,10103816,0.5,10
reachfim_interval,01080107,10103944,0.5,10
reachfim_interval,01080107,10103784,0.5,10
reachfim_interval,01080107,10103792,0.5,10
reachfim_interval,01080107,10103796,0.5,10
reachfim_interval,01080107,10103720,0.5,10
reachfim_interval,01080107,10103706,0.5,10
reachfim_interval,01080107,10103686,0.5,10
reachfim_interval,01080107,10103674,0.5,10
reachfim_interval,01080107,10103954,0.5,10
reachfim_interval,01080107,10103676,0.5,10
reachfim_interval,01080107,10103662,0.5,10
reachfim_interval,01080107,10102742,0.5,10
reachfim_interval,01080107,10103882,0.5,10
reachfim_interval,01080107,10103698,0.5,10
reachfim_interval,01080107,10103714,0.5,10
reachfim_interval,01080107,10103748,0.5,10
reachfim_interval,01080107,10103758,0.5,10
reachfim_interval,01080107,10103886,0.5,10
reachfim_interval,01080107,10103742,0.5,10
reachfim_interval,01080107,10103730,0.5,10
reachfim_interval,01080107,10103736,0.5,10
reachfim_interval,01080107,10103728,0.5,10
reachfim_interval,01080107,10103710,0.5,10
reachfim_interval,01080107,10103712,0.5,10
reachfim_interval,01080107,10103764,0.5,10
reachfim_interval,01080107,10103766,0.5,10
reachfim_interval,01080107,10103770,0.5,10
reachfim_interval,01080107,10103768,0.5,10
reachfim_interval,01080107,10103778,0.5,10
reachfim_interval,01080107,10103888,0.5,10
reachfim_interval,01080107,10103810,0.5,10
reachfim_interval,01080107,10103890,0.5,10
reachfim_interval,01080107,10103892,0.5,10
reachfim_interval,01080107,10103820,0.5,10
reachfim_interval,01080107,10103802,0.5,10
reachfim_interval,01080107,10103762,0.5,10
reachfim_interval,01080107,10103760,0.5,10
reachfim_interval,01080107,10103668,0.5,10
reachfim_interval,01080107,10103656,0.5,10
reachfim_interval,01080107,10102738,0.5,10
reachfim_interval,01080107,10103652,0.5,10
reachfim_interval,01080107,10102740,0.5,10
reachfim_interval,01080107,10103644,0.5,10
reachfim_interval,01080107,10102722,0.5,10
reachfim_interval,01080107,10102716,0.5,10
reachfim_interval,01080107,10102698,0.5,10
reachfim_interval,01080107,10103642,0.5,10
reachfim_interval,01080107,10102712,0.5,10
reachfim_interval,01080107,10102910,0.5,10
reachfim_interval,01080107,10102720,0.5,10
reachfim_interval,01080107,10103672,0.5,10
reachfim_interval,01080107,10103682,0.5,10
reachfim_interval,01080107,10103692,0.5,10
reachfim_interval,01080107,10103658,0.5,10
reachfim_interval,01080107,10103648,0.5,10
reachfim_interval,01080107,10102730,0.5,10
reachfim_interval,01080107,10103636,0.5,10
reachfim_interval,01080107,10103960,0.5,10
reachfim_interval,01080107,10103634,0.5,10
reachfim_interval,01080107,10103650,0.5,10
reachfim_interval,01080107,10102694,0.5,10
reachfim_interval,01080107,10102658,0.5,10
reachfim_interval,01080107,10102892,0.5,10
reachfim_interval,01080107,10102888,0.5,10
reachfim_interval,01080107,10102564,0.5,10
reachfim_interval,01080107,10102592,0.5,10
reachfim_interval,01080107,10102600,0.5,10
reachfim_interval,01080107,10102616,0.5,10
reachfim_interval,01080107,10102606,0.5,10
reachfim_interval,01080107,10102570,0.5,10
reachfim_interval,01080107,10102528,0.5,10
reachfim_interval,01080107,10102548,0.5,10
reachfim_interval,01080107,10102558,0.5,10
reachfim_interval,01080107,10102578,0.5,10
reachfim_interval,01080107,10102574,0.5,10
reachfim_interval,01080107,10102536,0.5,10
reachfim_interval,01080107,10102868,0.5,10
reachfim_interval,01080107,10102494,0.5,10
reachfim_interval,01080107,10102472,0.5,10
reachfim_interval,01080107,10102866,0.5,10
reachfim_interval,01080107,10102486,0.5,10
reachfim_interval,01080107,10102466,0.5,10
reachfim_interval,01080107,10102484,0.5,10
reachfim_interval,01080107,10102468,0.5,10
reachfim_interval,01080107,10102470,0.5,10
reachfim_interval,01080107,10102928,0.5,10
reachfim_interval,01080107,10102414,0.5,10
reachfim_interval,01080107,10102398,0.5,10
reachfim_interval,01080107,10102394,0.5,10
reachfim_interval,01080107,10102396,0.5,10
reachfim_interval,01080107,10102400,0.5,10
reachfim_interval,01080107,10102496,0.5,10
reachfim_interval,01080107,10102538,0.5,10
reachfim_interval,01080107,10102576,0.5,10
reachfim_interval,01080107,10102876,0.5,10
reachfim_interval,01080107,10102372,0.5,10
reachfim_interval,01080107,10102794,0.5,10
reachfim_interval,01080107,10102224,0.5,10
reachfim_interval,01080107,10102132,0.5,10
reachfim_interval,01080107,10102092,0.5,10
reachfim_interval,01080107,10102066,0.5,10
reachfim_interval,01080107,10102110,0.5,10
reachfim_interval,01080107,10102044,0.5,10
reachfim_interval,01080107,10102052,0.5,10
reachfim_interval,01080107,10102146,0.5,10
reachfim_interval,01080107,10102916,0.5,10
reachfim_interval,01080107,10102114,0.5,10
reachfim_interval,01080107,10102176,0.5,10
reachfim_interval,01080107,10102208,0.5,10
reachfim_interval,01080107,10102292,0.5,10
reachfim_interval,01080107,10102800,0.5,10
reachfim_interval,01080107,10102220,0.5,10
reachfim_interval,01080107,10102196,0.5,10
reachfim_interval,01080107,10102774,0.5,10
reachfim_interval,01080107,10102770,0.5,10
reachfim_interval,01080107,10102116,0.5,10
reachfim_interval,01080107,10102940,0.5,10
reachfim_interval,01080107,10102798,0.5,10
reachfim_interval,01080107,10102194,0.5,10
reachfim_interval,01080107,10102118,0.5,10
reachfim_interval,01080107,10102764,0.5,10
reachfim_interval,01080107,10102778,0.5,10
reachfim_interval,01080107,10102782,0.5,10
reachfim_interval,01080107,10102238,0.5,10
reachfim_interval,01080107,10102258,0.5,10
reachfim_interval,01080107,10102810,0.5,10
reachfim_interval,01080107,10102944,0.5,10
reachfim_interval,01080107,10102818,0.5,10
reachfim_interval,01080107,10102830,0.5,10
reachfim_interval,01080107,10102842,0.5,10
reachfim_interval,01080107,10102448,0.5,10
reachfim_interval,01080107,10102430,0.5,10
reachfim_interval,01080107,10102530,0.5,10
reachfim_interval,01080107,10102498,0.5,10
reachfim_interval,01080107,10102542,0.5,10
reachfim_interval,01080107,10102532,0.5,10
reachfim_interval,01080107,10102886,0.5,10
reachfim_interval,01080107,10102896,0.5,10
reachfim_interval,01080107,10102640,0.5,10
reachfim_interval,01080107,10102626,0.5,10
reachfim_interval,01080107,10102602,0.5,10
reachfim_interval,01080107,10102656,0.5,10
reachfim_interval,01080107,10102676,0.5,10
reachfim_interval,01080107,10102906,0.5,10
reachfim_interval,01080107,10102718,0.5,10
reachfim_interval,01080107,10102704,0.5,10
reachfim_interval,01080107,10103654,0.5,10
reachfim_interval,01080107,10102744,0.5,10
reachfim_interval,01080107,10102714,0.5,10
reachfim_interval,01080107,10102912,0.5,10
reachfim_interval,01080107,10102568,0.5,10
reachfim_interval,01080107,10102622,0.5,10
reachfim_interval,01080107,10102624,0.5,10
reachfim_interval,01080107,10102898,0.5,10
reachfim_interval,01080107,10102618,0.5,10
reachfim_interval,01080107,10102612,0.5,10
reachfim_interval,01080107,10102638,0.5,10
reachfim_interval,01080107,10102650,0.5,10
reachfim_interval,01080107,10102646,0.5,10
reachfim_interval,01080107,10102670,0.5,10
reachfim_interval,01080107,10102700,0.5,10
reachfim_interval,01080107,10102668,0.5,10
reachfim_interval,01080107,10102630,0.5,10
reachfim_interval,01080107,10102674,0.5,10
reachfim_interval,01080107,10102682,0.5,10
reachfim_interval,01080107,10102706,0.5,10
reachfim_interval,01080107,10103972,0.5,10
reachfim_interval,01080107,10103666,0.5,10
reachfim_interval,01080107,10103630,0.5,10
reachfim_interval,01080107,10103958,0.5,10
reachfim_interval,01080107,10102726,0.5,10
reachfim_interval,01080107,10102708,0.5,10
reachfim_interval,01080107,10102686,0.5,10
reachfim_interval,01080107,10102662,0.5,10
reachfim_interval,01080107,10102642,0.5,10
reachfim_interval,01080107,10102608,0.5,10
reachfim_interval,01080107,10102594,0.5,10
reachfim_interval,01080107,10103632,0.5,10
reachfim_interval,01080107,10102684,0.5,10
reachfim_interval,01080107,10102596,0.5,10
reachfim_interval,01080107,10102610,0.5,10
reachfim_interval,01080107,10102644,0.5,10
reachfim_interval,01080107,10102664,0.5,10
reachfim_interval,01080107,10102710,0.5,10
reachfim_interval,01080107,10102908,0.5,10
reachfim_interval,01080107,10102902,0.5,10
reachfim_interval,01080107,10103724,0.5,10
reachfim_interval,01080107,10103966,0.5,10
reachfim_interval,01080107,10103718,0.5,10
reachfim_interval,01080107,10103696,0.5,10
reachfim_interval,01080107,10103912,0.5,10
reachfim_interval,01080107,10103726,0.5,10
reachfim_interval,01080107,10103976,0.5,10
reachfim_interval,01080107,10103702,0.5,10
reachfim_interval,01080107,10103704,0.5,10
reachfim_interval,01080107,10103752,0.5,10
reachfim_interval,01080107,10103924,0.5,10
reachfim_interval,01080107,10103750,0.5,10
reachfim_interval,01080107,10103746,0.5,10
reachfim_interval,01080107,10103716,0.5,10
reachfim_interval,01080107,10103776,0.5,10
reachfim_interval,01080107,10103790,0.5,10
reachfim_interval,01080107,10103978,0.5,10
reachfim_interval,01080107,10103800,0.5,10
reachfim_interval,01080107,10103970,0.5,10
reachfim_interval,01080107,10103814,0.5,10
reachfim_interval,01080107,10103946,0.5,10
reachfim_interval,01080107,10102482,0.5,10
reachfim_interval,01080107,10102456,0.5,10
reachfim_interval,01080107,10102458,0.5,10
reachfim_interval,01080107,10102432,0.5,10
reachfim_interval,01080107,10102408,0.5,10
reachfim_interval,01080107,10102410,0.5,10
reachfim_interval,01080107,10102442,0.5,10
reachfim_interval,01080107,10102444,0.5,10
reachfim_interval,01080107,10102946,0.5,10
reachfim_interval,01080107,10102420,0.5,10
reachfim_interval,01080107,10102834,0.5,10
reachfim_interval,01080107,10102392,0.5,10
reachfim_interval,01080107,10102376,0.5,10
reachfim_interval,01080107,10102368,0.5,10
reachfim_interval,01080107,10102366,0.5,10
reachfim_interval,01080107,10102326,0.5,10
reachfim_interval,01080107,10102330,0.5,10
reachfim_interval,01080107,10102332,0.5,10
reachfim_interval,01080107,10102322,0.5,10
reachfim_interval,01080107,10102320,0.5,10
reachfim_interval,01080107,10102340,0.5,10
reachfim_interval,01080107,10102356,0.5,10
reachfim_interval,01080107,10102358,0.5,10
reachfim_interval,01080107,10102832,0.5,10
reachfim_interval,01080107,10102378,0.5,10
reachfim_interval,01080107,10102418,0.5,10
reachfim_interval,01080107,10102436,0.5,10
reachfim_interval,01080107,10102858,0.5,10
reachfim_interval,01080107,10102860,0.5,10
reachfim_interval,01080107,10102474,0.5,10
reachfim_interval,01080107,10102488,0.5,10
reachfim_interval,01080107,10102500,0.5,10
reachfim_interval,01080107,10102878,0.5,10
reachfim_interval,01080107,10102426,0.5,10
reachfim_interval,01080107,10102454,0.5,10
reachfim_interval,01080107,10102506,0.5,10
reachfim_interval,01080107,10102514,0.5,10
reachfim_interval,01080107,10102854,0.5,10
reachfim_interval,01080107,10102948,0.5,10
reachfim_interval,01080107,10102526,0.5,10
reachfim_interval,01080107,10102476,0.5,10
reachfim_interval,01080107,10102850,0.5,10
reachfim_interval,01080107,10102502,0.5,10
reachfim_interval,01080107,10102512,0.5,10
reachfim_interval,01080107,10102518,0.5,10
reachfim_interval,01080107,10102550,0.5,10
reachfim_interval,01080107,10102504,0.5,10
reachfim_interval,01080107,10102516,0.5,10
reachfim_interval,01080107,10102524,0.5,10
reachfim_interval,01080107,10102520,0.5,10
reachfim_interval,01080107,10102862,0.5,10
reachfim_interval,01080107,10103982,0.5,10
reachfim_interval,01080107,10103646,0.5,10
reachfim_interval,01080107,10102734,0.5,10
reachfim_interval,01080107,10103962,0.5,10
reachfim_interval,01080107,9332490,0.5,10
reachfim_interval,01080107,9331616,0.5,10
reachfim_interval,01080107,9332486,0.5,10
reachfim_interval,01080107,9332480,0.5,10
reachfim_interval,01080107,9331612,0.5,10
reachfim_interval,01080107,9332478,0.5,10
reachfim_interval,01080107,9331610,0.5,10
reachfim_interval,01080107,9331602,0.5,10
reachfim_interval,01080107,9331608,0.5,10
reachfim_interval,01080107,9331600,0.5,10
reachfim_interval,01080107,9331572,0.5,10
reachfim_interval,01080107,9331590,0.5,10
reachfim_interval,01080107,9331570,0.5,10
reachfim_interval,01080107,9331584,0.5,10
reachfim_interval,01080107,9331580,0.5,10
reachfim_interval,01080107,9331596,0.5,10
reachfim_interval,01080107,9331566,0.5,10
reachfim_interval,01080107,9331576,0.5,10
reachfim_interval,01080107,9331562,0.5,10
reachfim_interval,01080107,9331554,0.5,10
reachfim_interval,01080107,9331084,0.5,10
reachfim_interval,01080107,9331550,0.5,10
reachfim_interval,01080107,9331552,0.5,10
reachfim_interval,01080107,9331548,0.5,10
reachfim_interval,01080107,9330722,0.5,10
reachfim_interval,01080107,9331546,0.5,10
reachfim_interval,01080107,9331544,0.5,10
reachfim_interval,01080107,9331102,0.5,10
reachfim_interval,01080107,9331606,0.5,10
reachfim_interval,01080107,9331640,0.5,10
reachfim_interval,01080107,9330814,0.5,10
reachfim_interval,01080107,9330802,0.5,10
reachfim_interval,01080107,9331594,0.5,10
reachfim_interval,01080107,9330804,0.5,10
reachfim_interval,01080107,9330788,0.5,10
reachfim_interval,01080107,9330786,0.5,10
reachfim_interval,01080107,9330766,0.5,10
reachfim_interval,01080107,9330764,0.5,10
reachfim_interval,01080107,9331094,0.5,10
reachfim_interval,01080107,9330752,0.5,10
reachfim_interval,01080107,9330812,0.5,10
reachfim_interval,01080107,9331598,0.5,10
reachfim_interval,01080107,9330808,0.5,10
reachfim_interval,01080107,9330806,0.5,10
reachfim_interval,01080107,9331614,0.5,10
reachfim_interval,01080107,9332484,0.5,10
reachfim_interval,01080107,9332166,0.5,10
reachfim_interval,01080107,9331106,0.5,10
reachfim_interval,01080107,9332170,0.5,10
reachfim_interval,01080107,9330798,0.5,10
reachfim_interval,01080107,9330792,0.5,10
reachfim_interval,01080107,9330776,0.5,10
reachfim_interval,01080107,9330772,0.5,10
reachfim_interval,01080107,9331096,0.5,10
reachfim_interval,01080107,9331586,0.5,10
reachfim_interval,01080107,9330742,0.5,10
reachfim_interval,01080107,9331556,0.5,10
reachfim_interval,01080107,9330748,0.5,10
reachfim_interval,01080107,9331092,0.5,10
reachfim_interval,01080107,9332164,0.5,10
reachfim_interval,01080107,9330836,0.5,10
reachfim_interval,01080107,9330832,0.5,10
reachfim_interval,01080107,9330828,0.5,10
reachfim_interval,01080107,9330820,0.5,10
reachfim_interval,01080107,9332148,0.5,10
reachfim_interval,01080107,9330834,0.5,10
reachfim_interval,01080107,9330830,0.5,10
reachfim_interval,01080107,9330818,0.5,10
reachfim_interval,01080107,9330838,0.5,10
reachfim_interval,01080107,9332142,0.5,10
reachfim_interval,01080107,9332568,0.5,10
reachfim_interval,01080107,9332172,0.5,10
reachfim_interval,01080107,9330840,0.5,10
reachfim_interval,01080107,9330796,0.5,10
reachfim_interval,01080107,9330790,0.5,10
reachfim_interval,01080107,9330774,0.5,10
reachfim_interval,01080107,9330778,0.5,10
reachfim_interval,01080107,9330784,0.5,10
reachfim_interval,01080107,9330780,0.5,10
reachfim_interval,01080107,9330822,0.5,10
reachfim_interval,01080107,9331604,0.5,10
reachfim_interval,01080107,9331100,0.5,10
reachfim_interval,01080107,9331638,0.5,10
reachfim_interval,01080107,9331592,0.5,10
reachfim_interval,01080107,9331582,0.5,10
reachfim_interval,01080107,9330770,0.5,10
reachfim_interval,01080107,9330762,0.5,10
reachfim_interval,01080107,9331578,0.5,10
reachfim_interval,01080107,9331086,0.5,10
reachfim_interval,01080107,9331090,0.5,10
reachfim_interval,01080107,9330744,0.5,10
reachfim_interval,01080107,9331560,0.5,10
reachfim_interval,01080107,9331636,0.5,10
reachfim_interval,01080107,9331088,0.5,10
reachfim_interval,01080107,9330732,0.5,10
reachfim_interval,01080107,9330746,0.5,10
reachfim_interval,01080107,9330750,0.5,10
reachfim_interval,01080107,9331558,0.5,10
reachfim_interval,01080107,9331564,0.5,10
reachfim_interval,01080107,9331634,0.5,10
reachfim_interval,01080107,9330756,0.5,10
reachfim_interval,01080107,9331568,0.5,10
reachfim_interval,01080107,9330760,0.5,10
reachfim_interval,01080107,9331574,0.5,10
reachfim_interval,01080107,9331098,0.5,10
reachfim_interval,01080107,9330754,0.5,10
reachfim_interval,01080107,9330758,0.5,10
reachfim_interval,01080107,9330768,0.5,10
reachfim_interval,01080107,9330782,0.5,10
reachfim_interval,01080107,9330800,0.5,10
reachfim_interval,01080107,9330794,0.5,10
reachfim_interval,01080107,9330810,0.5,10
reachfim_interval,01080107,9331588,0.5,10
reachfim_interval,01080107,9330816,0.5,10
reachfim_interval,01080107,9332546,0.5,10
reachfim_interval,01080107,9332538,0.5,10
reachfim_interval,01080107,9332536,0.5,10
reachfim_interval,01080107,9332528,0.5,10
reachfim_interval,01080107,9332532,0.5,10
reachfim_interval,01080107,9332526,0.5,10
reachfim_interval,01080107,9332520,0.5,10
reachfim_interval,01080107,9332518,0.5,10
reachfim_interval,01080107,9332512,0.5,10
reachfim_interval,01080107,9332508,0.5,10
reachfim_interval,01080107,9332506,0.5,10
reachfim_interval,01080107,9332502,0.5,10
reachfim_interval,01080107,9332496,0.5,10
reachfim_interval,01080107,9332204,0.5,10
reachfim_interval,01080107,9332574,0.5,10
reachfim_interval,01080107,9332208,0.5,10
reachfim_interval,01080107,9332214,0.5,10
reachfim_interval,01080107,9332238,0.5,10
reachfim_interval,01080107,9332240,0.5,10
reachfim_interval,01080107,9332494,0.5,10
reachfim_interval,01080107,9332542,0.5,10
reachfim_interval,01080107,9332338,0.5,10
reachfim_interval,01080107,9332544,0.5,10
reachfim_interval,01080107,9332340,0.5,10
reachfim_interval,01080107,9332320,0.5,10
reachfim_interval,01080107,9332566,0.5,10
reachfim_interval,01080107,9332540,0.5,10
reachfim_interval,01080107,9332570,0.5,10
reachfim_interval,01080107,9332328,0.5,10
reachfim_interval,01080107,9332322,0.5,10
reachfim_interval,01080107,9332330,0.5,10
reachfim_interval,01080107,9332344,0.5,10
reachfim_interval,01080107,9332348,0.5,10
reachfim_interval,01080107,9332350,0.5,10
reachfim_interval,01080107,9332342,0.5,10
reachfim_interval,01080107,9332318,0.5,10
reachfim_interval,01080107,9332334,0.5,10
reachfim_interval,01080107,9332202,0.5,10
reachfim_interval,01080107,9332510,0.5,10
reachfim_interval,01080107,9332194,0.5,10
reachfim_interval,01080107,9332176,0.5,10
reachfim_interval,01080107,9332492,0.5,10
reachfim_interval,01080107,9332192,0.5,10
reachfim_interval,01080107,9332504,0.5,10
reachfim_interval,01080107,9332180,0.5,10
reachfim_interval,01080107,9332230,0.5,10
reachfim_interval,01080107,9332514,0.5,10
reachfim_interval,01080107,9332220,0.5,10
reachfim_interval,01080107,9332190,0.5,10
reachfim_interval,01080107,9332580,0.5,10
reachfim_interval,01080107,9332304,0.5,10
reachfim_interval,01080107,9332296,0.5,10
reachfim_interval,01080107,9332294,0.5,10
reachfim_interval,01080107,166161613,0.5,10
reachfim_interval,01080107,166161614,0.5,10
reachfim_interval,01080107,9332534,0.5,10
reachfim_interval,01080107,9332262,0.5,10
reachfim_interval,01080107,9332268,0.5,10
reachfim_interval,01080107,9332564,0.5,10
reachfim_interval,01080107,9332156,0.5,10
reachfim_interval,01080107,9332360,0.5,10
reachfim_interval,01080107,9332584,0.5,10
reachfim_interval,01080107,9332346,0.5,10
reachfim_interval,01080107,9332336,0.5,10
reachfim_interval,01080107,9332362,0.5,10
reachfim_interval,01080107,9332368,0.5,10
reachfim_interval,01080107,9332370,0.5,10
reachfim_interval,01080107,9332378,0.5,10
reachfim_interval,01080107,9332364,0.5,10
reachfim_interval,01080107,9332376,0.5,10
reachfim_interval,01080107,9332372,0.5,10
reachfim_interval,01080107,9332354,0.5,10
reachfim_interval,01080107,9332352,0.5,10
reachfim_interval,01080107,9332366,0.5,10
reachfim_interval,01080107,9332278,0.5,10
reachfim_interval,01080107,9332560,0.5,10
reachfim_interval,01080107,9332292,0.5,10
reachfim_interval,01080107,9332300,0.5,10
reachfim_interval,01080107,9332312,0.5,10
reachfim_interval,01080107,9332308,0.5,10
reachfim_interval,01080107,9332306,0.5,10
reachfim_interval,01080107,9332316,0.5,10
reachfim_interval,01080107,9332314,0.5,10
reachfim_interval,01080107,9332298,0.5,10
reachfim_interval,01080107,9332530,0.5,10
reachfim_interval,01080107,9332244,0.5,10
reachfim_interval,01080107,9332266,0.5,10
reachfim_interval,01080107,9332186,0.5,10
reachfim_interval,01080107,9332184,0.5,10
reachfim_interval,01080107,9332188,0.5,10
reachfim_interval,01080107,9332500,0.5,10
reachfim_interval,01080107,9332226,0.5,10
reachfim_interval,01080107,9332196,0.5,10
reachfim_interval,01080107,9332178,0.5,10
reachfim_interval,01080107,9332162,0.5,10
reachfim_interval,01080107,9332146,0.5,10
reachfim_interval,01080107,9332140,0.5,10
reachfim_interval,01080107,9332138,0.5,10
reachfim_interval,01080107,9332144,0.5,10
reachfim_interval,01080107,9332168,0.5,10
reachfim_interval,01080107,9332154,0.5,10
reachfim_interval,01080107,9332488,0.5,10
reachfim_interval,01080107,9332152,0.5,10
reachfim_interval,01080107,9332482,0.5,10
reachfim_interval,01080107,9332150,0.5,10
reachfim_interval,01080107,9332160,0.5,10
reachfim_interval,01080107,9332182,0.5,10
reachfim_interval,01080107,9332224,0.5,10
reachfim_interval,01080107,9332232,0.5,10
reachfim_interval,01080107,9332242,0.5,10
reachfim_interval,01080107,9332558,0.5,10
reachfim_interval,01080107,9332212,0.5,10
reachfim_interval,01080107,9332218,0.5,10
reachfim_interval,01080107,9332216,0.5,10
reachfim_interval,01080107,9332228,0.5,10
reachfim_interval,01080107,9332210,0.5,10
reachfim_interval,01080107,9332200,0.5,10
reachfim_interval,01080107,9332222,0.5,10
reachfim_interval,01080107,9332498,0.5,10
reachfim_interval,01080107,9332206,0.5,10
reachfim_interval,01080107,9332576,0.5,10
reachfim_interval,01080107,9332236,0.5,10
reachfim_interval,01080107,9332516,0.5,10
reachfim_interval,01080107,9332458,0.5,10
reachfim_interval,01080107,9332234,0.5,10
reachfim_interval,01080107,9332246,0.5,10
reachfim_interval,01080107,9332578,0.5,10
reachfim_interval,01080107,9332462,0.5,10
reachfim_interval,01080107,9332258,0.5,10
reachfim_interval,01080107,9332252,0.5,10
reachfim_interval,01080107,9332274,0.5,10
reachfim_interval,01080107,9332276,0.5,10
reachfim_interval,01080107,9332272,0.5,10
reachfim_interval,01080107,9332522,0.5,10
reachfim_interval,01080107,9332286,0.5,10
reachfim_interval,01080107,9332248,0.5,10
reachfim_interval,01080107,9332556,0.5,10
reachfim_interval,01080107,9332460,0.5,10
reachfim_interval,01080107,9332280,0.5,10
reachfim_interval,01080107,9332524,0.5,10
reachfim_interval,01080107,9332290,0.5,10
reachfim_interval,01080107,9332282,0.5,10
reachfim_interval,01080107,9332288,0.5,10
reachfim_interval,01080107,9332464,0.5,10
reachfim_interval,01080107,9332562,0.5,10
reachfim_interval,01080107,9332582,0.5,10
reachfim_interval,01080107,9332466,0.5,10
reachfim_interval,01080107,9332270,0.5,10
reachfim_interval,01080107,9332264,0.5,10
reachfim_interval,01080107,9332260,0.5,10
reachfim_interval,01080107,9332256,0.5,10
reachfim_interval,01080107,9332250,0.5,10
reachfim_interval,01080107,9332254,0.5,10
reachfim_interval,01080107,9332332,0.5,10
reachfim_interval,01080107,9332326,0.5,10
reachfim_interval,01080107,9332324,0.5,10
reachfim_interval,01080107,9332552,0.5,10
reachfim_interval,01080107,9332548,0.5,10
reachfim_interval,01080107,9332550,0.5,10
reachfim_interval,01080107,9332572,0.5,10
reachfim_interval,01080107,9332394,0.5,10
reachfim_interval,01080107,166161619,0.5,10
reachfim_interval,01080107,9332302,0.5,10
reachfim_interval,01080107,9332384,0.5,10
reachfim_interval,01080107,9332380,0.5,10
reachfim_interval,01080107,9332158,0.5,10
reachfim_interval,01080107,10102934,0.5,10
reachfim_interval,01080107,10102936,0.5,10
reachfim_interval,01080107,10102938,0.5,10
reachfim_interval,01080107,166161615,0.5,10
reachfim_interval,01080107,9332356,0.5,10
reachfim_interval,01080107,166161616,0.5,10
reachfim_interval,01080107,166161617,0.5,10
reachfim_interval,01080107,166161618,0.5,10
reachfim_interval,01080107,166161624,0.5,10
reachfim_interval,01080107,166161625,0.5,10
reachfim_interval,01080201,6778959,0.5,10
reachfim_interval,01080201,6778945,0.5,10
reachfim_interval,01080201,6778887,0.5,10
reachfim_interval,01080201,6778773,0.5,10
reachfim_interval,01080201,6778423,0.5,10
reachfim_interval,01080201,6778891,0.5,10
reachfim_interval,01080201,6778571,0.5,10
reachfim_interval,01080201,6778419,0.5,10
reachfim_interval,01080201,6778751,0.5,10
reachfim_interval,01080201,6778439,0.5,10
reachfim_interval,01080201,6778477,0.5,10
reachfim_interval,01080201,6778505,0.5,10
reachfim_interval,01080201,6778559,0.5,10
reachfim_interval,01080201,6778563,0.5,10
reachfim_interval,01080201,6778577,0.5,10
reachfim_interval,01080201,6779053,0.5,10
reachfim_interval,01080201,6779055,0.5,10
reachfim_interval,01080201,6778941,0.5,10
reachfim_interval,01080201,6778947,0.5,10
reachfim_interval,01080201,6779057,0.5,10
reachfim_interval,01080201,166161641,0.5,10
reachfim_interval,01080201,9332554,0.5,10
reachfim_interval,01080201,9332374,0.5,10
reachfim_interval,01080201,10294876,0.5,10
reachfim_interval,01080202,6778583,0.5,10
reachfim_interval,01080202,6779113,0.5,10
reachfim_interval,01080203,10294928,0.5,10
reachfim_interval,01080203,10294468,0.5,10
reachfim_interval,01080203,10294432,0.5,10
reachfim_interval,01080203,10294428,0.5,10
reachfim_interval,01080203,10294410,0.5,10
reachfim_interval,01080203,10294412,0.5,10
reachfim_interval,01080203,10294404,0.5,10
reachfim_interval,01080203,10294394,0.5,10
reachfim_interval,01080203,10294388,0.5,10
reachfim_interval,01080203,10295074,0.5,10
reachfim_interval,01080203,10294366,0.5,10
reachfim_interval,01080203,10294360,0.5,10
reachfim_interval,01080203,10294808,0.5,10
reachfim_interval,01080203,10294676,0.5,10
reachfim_interval,01080203,10294308,0.5,10
reachfim_interval,01080203,10294300,0.5,10
reachfim_interval,01080203,10294286,0.5,10
reachfim_interval,01080203,10294304,0.5,10
reachfim_interval,01080203,10293576,0.5,10
reachfim_interval,01080203,10293572,0.5,10
reachfim_interval,01080203,10294306,0.5,10
reachfim_interval,01080203,10294302,0.5,10
reachfim_interval,01080203,10294290,0.5,10
reachfim_interval,01080203,10294278,0.5,10
reachfim_interval,01080203,10294274,0.5,10
reachfim_interval,01080203,10293580,0.5,10
reachfim_interval,01080203,10294630,0.5,10
reachfim_interval,01080203,10294578,0.5,10
reachfim_interval,01080203,10294336,0.5,10
reachfim_interval,01080203,10295292,0.5,10
reachfim_interval,01080203,10294476,0.5,10
reachfim_interval,01080203,10294418,0.5,10
reachfim_interval,01080203,10294400,0.5,10
reachfim_interval,01080203,10294318,0.5,10
reachfim_interval,01080203,10295640,0.5,10
reachfim_interval,01080203,10294296,0.5,10
reachfim_interval,01080203,10295648,0.5,10
reachfim_interval,01080203,10294516,0.5,10
reachfim_interval,01080203,10295106,0.5,10
reachfim_interval,01080203,10293574,0.5,10
reachfim_interval,01080203,10293578,0.5,10
reachfim_interval,01080203,10294276,0.5,10
reachfim_interval,01080203,10295624,0.5,10
reachfim_interval,01080203,10295768,0.5,10
reachfim_interval,01080203,10295622,0.5,10
reachfim_interval,01080203,10294030,0.5,10
reachfim_interval,01080203,10295618,0.5,10
reachfim_interval,01080203,10295620,0.5,10
reachfim_interval,01080203,10295626,0.5,10
reachfim_interval,01080203,10295628,0.5,10
reachfim_interval,01080203,10294288,0.5,10
reachfim_interval,01080203,10295644,0.5,10
reachfim_interval,01080203,10295642,0.5,10
reachfim_interval,01080203,10295756,0.5,10
reachfim_interval,01080203,10295646,0.5,10
reachfim_interval,01080203,10295758,0.5,10
reachfim_interval,01080203,10294312,0.5,10
reachfim_interval,01080203,10294314,0.5,10
reachfim_interval,01080203,10294328,0.5,10
reachfim_interval,01080203,10294298,0.5,10
reachfim_interval,01080203,10294294,0.5,10
reachfim_interval,01080203,10294280,0.5,10
reachfim_interval,01080203,10294292,0.5,10
reachfim_interval,01080203,10294282,0.5,10
reachfim_interval,01080203,10294284,0.5,10
reachfim_interval,01080203,10294376,0.5,10
reachfim_interval,01080203,10295672,0.5,10
reachfim_interval,01080203,10295084,0.5,10
reachfim_interval,01080203,10295086,0.5,10
reachfim_interval,01080203,10295356,0.5,10
reachfim_interval,01080203,10294474,0.5,10
reachfim_interval,01080203,10294402,0.5,10
reachfim_interval,01080203,10294420,0.5,10
reachfim_interval,01080203,10294446,0.5,10
reachfim_interval,01080203,10294470,0.5,10
reachfim_interval,01080203,10294626,0.5,10
reachfim_interval,01080203,10294544,0.5,10
reachfim_interval,01080203,10294702,0.5,10
reachfim_interval,01080203,10294744,0.5,10
reachfim_interval,01080203,10294786,0.5,10
reachfim_interval,01080203,10294776,0.5,10
reachfim_interval,01080203,10294756,0.5,10
reachfim_interval,01080203,10295118,0.5,10
reachfim_interval,01080203,10294660,0.5,10
reachfim_interval,01080203,10294634,0.5,10
reachfim_interval,01080203,10295076,0.5,10
reachfim_interval,01080203,10294466,0.5,10
reachfim_interval,01080203,10294430,0.5,10
reachfim_interval,01080203,10294390,0.5,10
reachfim_interval,01080203,10294386,0.5,10
reachfim_interval,01080203,10294370,0.5,10
reachfim_interval,01080203,10294350,0.5,10
reachfim_interval,01080203,10294426,0.5,10
reachfim_interval,01080203,10294408,0.5,10
reachfim_interval,01080203,10294406,0.5,10
reachfim_interval,01080203,10294392,0.5,10
reachfim_interval,01080203,10294384,0.5,10
reachfim_interval,01080203,10294356,0.5,10
reachfim_interval,01080203,10294352,0.5,10
reachfim_interval,01080203,10294382,0.5,10
reachfim_interval,01080203,10294354,0.5,10
reachfim_interval,01080203,10295072,0.5,10
reachfim_interval,01080203,10294364,0.5,10
reachfim_interval,01080203,10294358,0.5,10
reachfim_interval,01080203,10294424,0.5,10
reachfim_interval,01080203,10294486,0.5,10
reachfim_interval,01080203,10294460,0.5,10
reachfim_interval,01080203,10294452,0.5,10
reachfim_interval,01080203,10294472,0.5,10
reachfim_interval,01080203,10295082,0.5,10
reachfim_interval,01080203,10294530,0.5,10
reachfim_interval,01080203,10294754,0.5,10
reachfim_interval,01080203,10294724,0.5,10
reachfim_interval,01080203,10294874,0.5,10
reachfim_interval,01080203,10294368,0.5,10
reachfim_interval,01080203,10295360,0.5,10
reachfim_interval,01080203,10294458,0.5,10
reachfim_interval,01080203,10295088,0.5,10
reachfim_interval,01080203,24793862,0.5,10
reachfim_interval,01080203,10295122,0.5,10
reachfim_interval,01080203,10295200,0.5,10
reachfim_interval,01080203,10295166,0.5,10
reachfim_interval,01080203,10293600,0.5,10
reachfim_interval,01080203,10293598,0.5,10
reachfim_interval,01080203,10293596,0.5,10
reachfim_interval,02020003,22288029,0.5,10
reachfim_interval,01080107,10103640,0.5,10
reachfim_interval,01080107,9330826,0.5,10
reachfim_interval,01080107,9330824,0.5,10
reachfim_interval,01080107,9331104,0.5,10
reachfim_interval,01080107,9332174,0.5,10
reachfim_interval,01080107,9332456,0.5,10
reachfim_interval,01080107,9331108,0.5,10
reachfim_interval,01080107,9332386,0.5,10
reachfim_interval,01080201,6779105,0.5,10
reachfim_interval,01080201,6778581,0.5,10
reachfim_interval,01080201,6778573,0.5,10
reachfim_interval,01080201,6778775,0.5,10
reachfim_interval,01080201,6778585,0.5,10
reachfim_interval,01080201,6779065,0.5,10
reachfim_interval,01080201,6778949,0.5,10
reachfim_interval,01080201,6778953,0.5,10
reachfim_interval,01080201,6778957,0.5,10
reachfim_interval,01080201,6779099,0.5,10
reachfim_interval,01080201,6779093,0.5,10
reachfim_interval,01080201,6779061,0.5,10
reachfim_interval,01080201,6779135,0.5,10
reachfim_interval,01080201,6778567,0.5,10
reachfim_interval,01080201,6778557,0.5,10
reachfim_interval,01080201,6778551,0.5,10
reachfim_interval,01080201,6778529,0.5,10
reachfim_interval,01080201,6778515,0.5,10
reachfim_interval,01080201,6778501,0.5,10
reachfim_interval,01080201,6778467,0.5,10
reachfim_interval,01080201,6778757,0.5,10
reachfim_interval,01080201,6778429,0.5,10
reachfim_interval,01080201,6778933,0.5,10
reachfim_interval,01080201,6778929,0.5,10
reachfim_interval,01080201,6778925,0.5,10
reachfim_interval,01080201,6778923,0.5,10
reachfim_interval,01080201,6778917,0.5,10
reachfim_interval,01080201,6778915,0.5,10
reachfim_interval,01080201,6778911,0.5,10
reachfim_interval,01080201,6778909,0.5,10
reachfim_interval,01080201,6778897,0.5,10
reachfim_interval,01080201,6778903,0.5,10
reachfim_interval,01080201,6778937,0.5,10
reachfim_interval,01080201,6778771,0.5,10
reachfim_interval,01080201,6778935,0.5,10
reachfim_interval,01080201,6778525,0.5,10
reachfim_interval,01080201,6778541,0.5,10
reachfim_interval,01080201,6779089,0.5,10
reachfim_interval,01080201,6778547,0.5,10
reachfim_interval,01080201,6778921,0.5,10
reachfim_interval,01080201,6778545,0.5,10
reachfim_interval,01080201,6778905,0.5,10
reachfim_interval,01080201,6778465,0.5,10
reachfim_interval,01080201,6778765,0.5,10
reachfim_interval,01080201,6779095,0.5,10
reachfim_interval,01080201,6778575,0.5,10
reachfim_interval,01080201,6779067,0.5,10
reachfim_interval,01080201,6778579,0.5,10
reachfim_interval,01080201,6778951,0.5,10
reachfim_interval,01080201,6778523,0.5,10
reachfim_interval,01080201,6778521,0.5,10
reachfim_interval,01080201,6778497,0.5,10
reachfim_interval,01080201,6778519,0.5,10
reachfim_interval,01080201,6778569,0.5,10
reachfim_interval,01080201,6779033,0.5,10
reachfim_interval,01080201,6778931,0.5,10
reachfim_interval,01080201,6778539,0.5,10
reachfim_interval,01080201,6778769,0.5,10
reachfim_interval,01080201,6778927,0.5,10
reachfim_interval,01080201,6778531,0.5,10
reachfim_interval,01080201,6778919,0.5,10
reachfim_interval,01080201,6778513,0.5,10
reachfim_interval,01080201,6778913,0.5,10
reachfim_interval,01080201,6778893,0.5,10
reachfim_interval,01080201,6778895,0.5,10
reachfim_interval,01080201,6778495,0.5,10
reachfim_interval,01080201,6778907,0.5,10
reachfim_interval,01080201,6778485,0.5,10
reachfim_interval,01080201,6778463,0.5,10
reachfim_interval,01080201,6778479,0.5,10
reachfim_interval,01080201,6778901,0.5,10
reachfim_interval,01080201,6778899,0.5,10
reachfim_interval,01080201,6778489,0.5,10
reachfim_interval,01080201,6779029,0.5,10
reachfim_interval,01080201,6778445,0.5,10
reachfim_interval,01080201,6779027,0.5,10
reachfim_interval,01080201,6778555,0.5,10
reachfim_interval,01080201,6778565,0.5,10
reachfim_interval,01080201,6778549,0.5,10
reachfim_interval,01080201,6778527,0.5,10
reachfim_interval,01080201,6778437,0.5,10
reachfim_interval,01080201,6778425,0.5,10
reachfim_interval,01080201,6778469,0.5,10
reachfim_interval,01080201,6778761,0.5,10
reachfim_interval,01080201,6778451,0.5,10
reachfim_interval,01080201,6778441,0.5,10
reachfim_interval,01080201,6778455,0.5,10
reachfim_interval,01080201,6778503,0.5,10
reachfim_interval,01080201,6778491,0.5,10
reachfim_interval,01080201,6778483,0.5,10
reachfim_interval,01080201,6778447,0.5,10
reachfim_interval,01080201,6779031,0.5,10
reachfim_interval,01080201,6778457,0.5,10
reachfim_interval,01080201,6778487,0.5,10
reachfim_interval,01080201,6778453,0.5,10
reachfim_interval,01080201,6778561,0.5,10
reachfim_interval,01080201,6778587,0.5,10
reachfim_interval,01080201,6779101,0.5,10
reachfim_interval,01080201,6778955,0.5,10
reachfim_interval,01080201,6779063,0.5,10
reachfim_interval,01080201,6779103,0.5,10
reachfim_interval,01080201,6778589,0.5,10
reachfim_interval,01080201,6779097,0.5,10
reachfim_interval,01080201,6779059,0.5,10
reachfim_interval,01080201,6778889,0.5,10
reachfim_interval,01080201,6778517,0.5,10
reachfim_interval,01080201,6778939,0.5,10
reachfim_interval,01080201,6778943,0.5,10
reachfim_interval,01080201,6778537,0.5,10
reachfim_interval,01080201,6779091,0.5,10
reachfim_interval,01080201,6778533,0.5,10
reachfim_interval,01080201,6778535,0.5,10
reachfim_interval,01080201,6778553,0.5,10
reachfim_interval,01080201,6778421,0.5,10
reachfim_interval,01080201,6778759,0.5,10
reachfim_interval,01080201,6778427,0.5,10
reachfim_interval,01080201,6778755,0.5,10
reachfim_interval,01080201,6778753,0.5,10
reachfim_interval,01080201,9332382,0.5,10
reachfim_interval,01080201,9332586,0.5,10
reachfim_interval,01080201,9332388,0.5,10
reachfim_interval,01080203,10294880,0.5,10
reachfim_interval,01080203,10294840,0.5,10
reachfim_interval,01080203,10294842,0.5,10
reachfim_interval,01080203,10294872,0.5,10
reachfim_interval,01080203,10294820,0.5,10
reachfim_interval,01080203,10295290,0.5,10
reachfim_interval,01080203,10295210,0.5,10
reachfim_interval,01080203,10295208,0.5,10
reachfim_interval,01080203,10295206,0.5,10
reachfim_interval,01080203,10295124,0.5,10
reachfim_interval,01080203,10295120,0.5,10
reachfim_interval,01080203,10294658,0.5,10
reachfim_interval,01080203,10294622,0.5,10
reachfim_interval,01080203,10295108,0.5,10
reachfim_interval,01080203,10294528,0.5,10
reachfim_interval,01080203,10295078,0.5,10
reachfim_interval,01080203,10294484,0.5,10
reachfim_interval,01080203,10294790,0.5,10
reachfim_interval,01080203,10294784,0.5,10
reachfim_interval,01080203,10294710,0.5,10
reachfim_interval,01080203,10294686,0.5,10
reachfim_interval,01080203,10294520,0.5,10
reachfim_interval,01080203,10294512,0.5,10
reachfim_interval,01080203,10295104,0.5,10
reachfim_interval,01080203,10295090,0.5,10
reachfim_interval,01080203,10294492,0.5,10
reachfim_interval,01080203,10294494,0.5,10
reachfim_interval,01080203,10294490,0.5,10
reachfim_interval,01080203,10294482,0.5,10
reachfim_interval,01080203,10294464,0.5,10
reachfim_interval,01080203,10294448,0.5,10
reachfim_interval,01080203,10294438,0.5,10
reachfim_interval,01080203,10294436,0.5,10
reachfim_interval,01080203,10295298,0.5,10
reachfim_interval,01080203,10294712,0.5,10
reachfim_interval,01080203,10295114,0.5,10
reachfim_interval,01080203,10294646,0.5,10
reachfim_interval,01080203,10294640,0.5,10
reachfim_interval,01080203,10294618,0.5,10
reachfim_interval,01080203,10294608,0.5,10
reachfim_interval,01080203,10294600,0.5,10
reachfim_interval,01080203,10294580,0.5,10
reachfim_interval,01080203,10294498,0.5,10
reachfim_interval,01080203,10294480,0.5,10
reachfim_interval,01080203,10294440,0.5,10
reachfim_interval,01080203,10294346,0.5,10
reachfim_interval,01080203,10294340,0.5,10
reachfim_interval,01080203,10294342,0.5,10
reachfim_interval,01080203,10294332,0.5,10
reachfim_interval,01080203,10294326,0.5,10
reachfim_interval,01080203,10295168,0.5,10
reachfim_interval,01080203,10294310,0.5,10
reachfim_interval,01080203,10295070,0.5,10
reachfim_interval,01080203,10294344,0.5,10
reachfim_interval,01080203,10294316,0.5,10
reachfim_interval,01080203,10294478,0.5,10
reachfim_interval,01080203,10294450,0.5,10
reachfim_interval,01080203,10294398,0.5,10
reachfim_interval,01080203,10294380,0.5,10
reachfim_interval,01080203,10295670,0.5,10
reachfim_interval,01080203,10295668,0.5,10
reachfim_interval,01080203,10295664,0.5,10
reachfim_interval,01080203,10294792,0.5,10
reachfim_interval,01080203,10294764,0.5,10
reachfim_interval,01080203,10294704,0.5,10
reachfim_interval,01080203,10294632,0.5,10
reachfim_interval,01080203,10294488,0.5,10
reachfim_interval,01080203,10295748,0.5,10
reachfim_interval,01080203,10295656,0.5,10
reachfim_interval,01080203,10295746,0.5,10
reachfim_interval,01080203,10295750,0.5,10
reachfim_interval,01080203,10295662,0.5,10
reachfim_interval,01080203,10294592,0.5,10
reachfim_interval,01080203,10295110,0.5,10
reachfim_interval,01080203,10295102,0.5,10
reachfim_interval,01080203,10294504,0.5,10
reachfim_interval,01080203,10294500,0.5,10
reachfim_interval,01080203,10294502,0.5,10
reachfim_interval,01080203,10294338,0.5,10
reachfim_interval,01080203,10294324,0.5,10
reachfim_interval,01080203,10295760,0.5,10
reachfim_interval,01080203,10294334,0.5,10
reachfim_interval,01080203,10294348,0.5,10
reachfim_interval,01080203,10294322,0.5,10
reachfim_interval,01080203,10294330,0.5,10
reachfim_interval,01080203,10295294,0.5,10
reachfim_interval,01080203,10294320,0.5,10
reachfim_interval,01080203,10294444,0.5,10
reachfim_interval,01080203,10295300,0.5,10
reachfim_interval,01080203,10294496,0.5,10
reachfim_interval,01080203,10295302,0.5,10
reachfim_interval,01080203,10294442,0.5,10
reachfim_interval,01080203,10294396,0.5,10
reachfim_interval,01080203,10294378,0.5,10
reachfim_interval,01080203,10294374,0.5,10
reachfim_interval,01080203,10294372,0.5,10
reachfim_interval,01080203,10295666,0.5,10
reachfim_interval,01080203,10294456,0.5,10
reachfim_interval,01080203,10295192,0.5,10
reachfim_interval,01080203,10294454,0.5,10
reachfim_interval,01080203,10294506,0.5,10
reachfim_interval,01080203,10295100,0.5,10
reachfim_interval,01080203,10294518,0.5,10
reachfim_interval,01080203,10294510,0.5,10
reachfim_interval,01080203,10294462,0.5,10
reachfim_interval,01080203,10294434,0.5,10
reachfim_interval,01080203,10295180,0.5,10
reachfim_interval,01080203,10294422,0.5,10
reachfim_interval,01080203,10294414,0.5,10
reachfim_interval,01080203,10295296,0.5,10
reachfim_interval,01080203,10294416,0.5,10
reachfim_interval,01080203,10295096,0.5,10
reachfim_interval,01080203,10295304,0.5,10
reachfim_interval,01080203,10295094,0.5,10
reachfim_interval,01080203,10295092,0.5,10
reachfim_interval,01080203,10294514,0.5,10
reachfim_interval,01080203,10294526,0.5,10
reachfim_interval,01080203,10294670,0.5,10
reachfim_interval,01080203,10294688,0.5,10
reachfim_interval,01080203,10294644,0.5,10
reachfim_interval,01080203,10295112,0.5,10
reachfim_interval,01080203,10294570,0.5,10
reachfim_interval,01080203,10294638,0.5,10
reachfim_interval,01080203,10294606,0.5,10
reachfim_interval,01080203,10294572,0.5,10
reachfim_interval,01080203,10294540,0.5,10
reachfim_interval,01080203,10294534,0.5,10
reachfim_interval,01080203,10294536,0.5,10
reachfim_interval,01080203,10294542,0.5,10
reachfim_interval,01080203,10294586,0.5,10
reachfim_interval,01080203,10294576,0.5,10
reachfim_interval,01080203,10294552,0.5,10
reachfim_interval,01080203,10294588,0.5,10
reachfim_interval,01080203,10294546,0.5,10
reachfim_interval,01080203,10294574,0.5,10
reachfim_interval,01080203,10294554,0.5,10
reachfim_interval,01080203,10294550,0.5,10
reachfim_interval,01080203,10295098,0.5,10
reachfim_interval,01080203,10294642,0.5,10
reachfim_interval,01080203,10295116,0.5,10
reachfim_interval,01080203,10294692,0.5,10
reachfim_interval,01080203,10294682,0.5,10
reachfim_interval,01080203,10294672,0.5,10
reachfim_interval,01080203,10294684,0.5,10
reachfim_interval,01080203,10295306,0.5,10
reachfim_interval,01080203,10294714,0.5,10
reachfim_interval,01080203,10294782,0.5,10
reachfim_interval,01080203,10295308,0.5,10
reachfim_interval,01080203,10294878,0.5,10
reachfim_interval,01080203,10294870,0.5,10
reachfim_interval,01080203,10294740,0.5,10
reachfim_interval,01080203,10294794,0.5,10
reachfim_interval,01080203,10294798,0.5,10
reachfim_interval,01080203,10294788,0.5,10
reachfim_interval,01080203,10294762,0.5,10
reachfim_interval,01080203,10294690,0.5,10
reachfim_interval,01080203,10294766,0.5,10
reachfim_interval,01080203,10294708,0.5,10
reachfim_interval,01080203,10294648,0.5,10
reachfim_interval,01080203,10294706,0.5,10
reachfim_interval,01080203,10294628,0.5,10
reachfim_interval,01080203,10294598,0.5,10
reachfim_interval,01080203,10294566,0.5,10
reachfim_interval,01080203,10294620,0.5,10
reachfim_interval,01080203,10294558,0.5,10
reachfim_interval,01080203,10294524,0.5,10
reachfim_interval,01080203,10294508,0.5,10
reachfim_interval,01080203,10294522,0.5,10
reachfim_interval,01080203,10295080,0.5,10
reachfim_interval,01080203,10294746,0.5,10
reachfim_interval,01080203,10294748,0.5,10
reachfim_interval,01080203,10294362,0.5,10
reachfim_interval,01080203,24793868,0.5,10
reachfim_interval,01080203,10295196,0.5,10
reachfim_interval,01080203,10295194,0.5,10
reachfim_interval,01080203,10295358,0.5,10
reachfim_interval,01080203,10295198,0.5,10
reachfim_interval,01080203,10297948,0.5,10
reachfim_interval,01080203,10295342,0.5,10
reachfim_interval,01080203,10295190,0.5,10
reachfim_interval,01080203,10295188,0.5,10
reachfim_interval,01080203,10295186,0.5,10
reachfim_interval,01080203,10295184,0.5,10
reachfim_interval,01080203,10295182,0.5,10
reachfim_interval,01080203,10295178,0.5,10
reachfim_interval,01080203,10295176,0.5,10
reachfim_interval,01080203,10295174,0.5,10
reachfim_interval,01080203,10295172,0.5,10
reachfim_interval,01080203,10295170,0.5,10
reachfim_interval,01080201,9332392,0.5,10
