reachfim_interval,11010001,8585734,0.5,10
reachfim_interval,11010001,8585000,0.5,10
reachfim_interval,11010001,8584992,0.5,10
reachfim_interval,11010001,8584984,0.5,10
reachfim_interval,11010001,8584978,0.5,10
reachfim_interval,11010001,8584962,0.5,10
reachfim_interval,11010001,8584940,0.5,10
reachfim_interval,11010001,8584928,0.5,10
reachfim_interval,11010001,8584920,0.5,10
reachfim_interval,11010001,8585720,0.5,10
reachfim_interval,11010001,8585718,0.5,10
reachfim_interval,11010001,8584904,0.5,10
reachfim_interval,11010001,8584900,0.5,10
reachfim_interval,11010001,8584886,0.5,10
reachfim_interval,11010001,8585178,0.5,10
reachfim_interval,11010001,8585158,0.5,10
reachfim_interval,11010001,8585160,0.5,10
reachfim_interval,11010001,8585142,0.5,10
reachfim_interval,11010001,8585130,0.5,10
reachfim_interval,11010001,8585128,0.5,10
reachfim_interval,11010001,8585124,0.5,10
reachfim_interval,11010001,8585102,0.5,10
reachfim_interval,11010001,8585080,0.5,10
reachfim_interval,11010001,8585070,0.5,10
reachfim_interval,11010001,8585022,0.5,10
reachfim_interval,11010001,8585002,0.5,10
reachfim_interval,11010001,8584996,0.5,10
reachfim_interval,11010001,8584888,0.5,10
reachfim_interval,11010001,8586644,0.5,10
reachfim_interval,11010001,8589580,0.5,10
reachfim_interval,11010001,8589598,0.5,10
reachfim_interval,11010001,8586678,0.5,10
reachfim_interval,11010001,8589590,0.5,10
reachfim_interval,11010001,8589596,0.5,10
reachfim_interval,11010001,8589606,0.5,10
reachfim_interval,11010001,8586496,0.5,10
reachfim_interval,11010001,8589244,0.5,10
reachfim_interval,11010001,8586612,0.5,10
reachfim_interval,11010001,8586654,0.5,10
reachfim_interval,11010001,8586706,0.5,10
reachfim_interval,11010001,8586672,0.5,10
reachfim_interval,11010001,8586812,0.5,10
reachfim_interval,11010001,8586896,0.5,10
reachfim_interval,11010001,8586624,0.5,10
reachfim_interval,11010001,8586640,0.5,10
reachfim_interval,11010001,8586472,0.5,10
reachfim_interval,11010001,8586464,0.5,10
reachfim_interval,11010001,8586416,0.5,10
reachfim_interval,11010001,8586446,0.5,10
reachfim_interval,11010001,8586434,0.5,10
reachfim_interval,11010001,8589520,0.5,10
reachfim_interval,11010001,8586420,0.5,10
reachfim_interval,11010001,8586390,0.5,10
reachfim_interval,11010001,8586358,0.5,10
reachfim_interval,11010001,8586318,0.5,10
reachfim_interval,11010001,8585438,0.5,10
reachfim_interval,11010001,8586308,0.5,10
reachfim_interval,11010001,8585382,0.5,10
reachfim_interval,11010001,8585322,0.5,10
reachfim_interval,11010001,8585342,0.5,10
reachfim_interval,11010001,8585226,0.5,10
reachfim_interval,11010001,8585252,0.5,10
reachfim_interval,11010001,8585274,0.5,10
reachfim_interval,11010001,8585314,0.5,10
reachfim_interval,11010001,8585316,0.5,10
reachfim_interval,11010001,8585318,0.5,10
reachfim_interval,11010001,8584982,0.5,10
reachfim_interval,11010001,8584972,0.5,10
reachfim_interval,11010001,8584944,0.5,10
reachfim_interval,11010001,8584912,0.5,10
reachfim_interval,11010001,8584894,0.5,10
reachfim_interval,11010001,8584852,0.5,10
reachfim_interval,11010001,8584832,0.5,10
reachfim_interval,11010001,8586398,0.5,10
reachfim_interval,11010001,8585454,0.5,10
reachfim_interval,11010001,8585268,0.5,10
reachfim_interval,11010001,8585880,0.5,10
reachfim_interval,11010001,8585284,0.5,10
reachfim_interval,11010001,8585984,0.5,10
reachfim_interval,11010001,8585366,0.5,10
reachfim_interval,11010001,8585416,0.5,10
reachfim_interval,11010001,8586488,0.5,10
reachfim_interval,11010001,8585460,0.5,10
reachfim_interval,11010001,8585458,0.5,10
reachfim_interval,11010001,8586322,0.5,10
reachfim_interval,11010001,8586480,0.5,10
reachfim_interval,11010001,8586396,0.5,10
reachfim_interval,11010001,8586300,0.5,10
reachfim_interval,11010001,8585462,0.5,10
reachfim_interval,11010001,8586414,0.5,10
reachfim_interval,11010001,8586360,0.5,10
reachfim_interval,11010001,8585368,0.5,10
reachfim_interval,11010001,8585452,0.5,10
reachfim_interval,11010001,8585410,0.5,10
reachfim_interval,11010001,8586372,0.5,10
reachfim_interval,11010001,8585450,0.5,10
reachfim_interval,11010001,8586070,0.5,10
reachfim_interval,11010001,8586428,0.5,10
reachfim_interval,11010001,8586430,0.5,10
reachfim_interval,11010001,8586450,0.5,10
reachfim_interval,11010001,8586534,0.5,10
reachfim_interval,11010001,8586522,0.5,10
reachfim_interval,11010001,8586362,0.5,10
reachfim_interval,11010001,8586592,0.5,10
reachfim_interval,11010001,8589252,0.5,10
reachfim_interval,11010001,8586730,0.5,10
reachfim_interval,11010001,8586742,0.5,10
reachfim_interval,11010001,8586788,0.5,10
reachfim_interval,11010001,8586844,0.5,10
reachfim_interval,11010001,8586856,0.5,10
reachfim_interval,11010001,8586980,0.5,10
reachfim_interval,11010001,8589256,0.5,10
reachfim_interval,11010001,8589264,0.5,10
reachfim_interval,11010001,8586848,0.5,10
reachfim_interval,11010001,8586886,0.5,10
reachfim_interval,11010001,8586970,0.5,10
reachfim_interval,11010001,8589276,0.5,10
reachfim_interval,11010001,8589270,0.5,10
reachfim_interval,11010001,8586688,0.5,10
reachfim_interval,11010001,8586898,0.5,10
reachfim_interval,11010001,8586746,0.5,10
reachfim_interval,11010001,8586872,0.5,10
reachfim_interval,11010001,8586744,0.5,10
reachfim_interval,11010001,8586666,0.5,10
reachfim_interval,11010001,8586662,0.5,10
reachfim_interval,11010001,8586658,0.5,10
reachfim_interval,11010001,8586674,0.5,10
reachfim_interval,11010001,8586664,0.5,10
reachfim_interval,11010001,8586610,0.5,10
reachfim_interval,11010001,8586606,0.5,10
reachfim_interval,11010001,8586482,0.5,10
reachfim_interval,11010001,8586682,0.5,10
reachfim_interval,11010001,8589578,0.5,10
reachfim_interval,11010001,8586700,0.5,10
reachfim_interval,11010001,8586740,0.5,10
reachfim_interval,11010001,8586732,0.5,10
reachfim_interval,11010001,8589600,0.5,10
reachfim_interval,11010001,8586814,0.5,10
reachfim_interval,11010001,8586820,0.5,10
reachfim_interval,11010001,8586718,0.5,10
reachfim_interval,11010001,8589594,0.5,10
reachfim_interval,11010001,8586620,0.5,10
reachfim_interval,11010001,8586462,0.5,10
reachfim_interval,11010001,8586484,0.5,10
reachfim_interval,11010001,8586588,0.5,10
reachfim_interval,11010001,8586524,0.5,10
reachfim_interval,11010001,8586528,0.5,10
reachfim_interval,11010001,8586418,0.5,10
reachfim_interval,11010001,8586306,0.5,10
reachfim_interval,11010001,8586302,0.5,10
reachfim_interval,11010001,8585440,0.5,10
reachfim_interval,11010001,8586304,0.5,10
reachfim_interval,11010001,8585380,0.5,10
reachfim_interval,11010001,8585224,0.5,10
reachfim_interval,11010001,8585208,0.5,10
reachfim_interval,11010001,8585210,0.5,10
reachfim_interval,11010001,8585228,0.5,10
reachfim_interval,11010001,8585258,0.5,10
reachfim_interval,11010001,8585214,0.5,10
reachfim_interval,11010001,8585256,0.5,10
reachfim_interval,11010001,8585310,0.5,10
reachfim_interval,11010001,8585288,0.5,10
reachfim_interval,11010001,8585286,0.5,10
reachfim_interval,11010001,8585364,0.5,10
reachfim_interval,11010001,8585324,0.5,10
reachfim_interval,11010001,8585350,0.5,10
reachfim_interval,11010001,8585370,0.5,10
reachfim_interval,11010001,8585392,0.5,10
reachfim_interval,11010001,8585432,0.5,10
reachfim_interval,11010001,8586334,0.5,10
reachfim_interval,11010001,8585418,0.5,10
reachfim_interval,11010001,8586298,0.5,10
reachfim_interval,11010001,8585434,0.5,10
reachfim_interval,11010001,8585420,0.5,10
reachfim_interval,11010001,8585394,0.5,10
reachfim_interval,11010001,8585430,0.5,10
reachfim_interval,11010001,8586352,0.5,10
reachfim_interval,11010001,8586432,0.5,10
reachfim_interval,11010001,8586444,0.5,10
reachfim_interval,11010001,8586346,0.5,10
reachfim_interval,11010001,8586330,0.5,10
reachfim_interval,11010001,8585444,0.5,10
reachfim_interval,11010001,8585404,0.5,10
reachfim_interval,11010001,8585328,0.5,10
reachfim_interval,11010001,8585338,0.5,10
reachfim_interval,11010001,8585408,0.5,10
reachfim_interval,11010001,8586332,0.5,10
reachfim_interval,11010001,8585442,0.5,10
reachfim_interval,11010001,8586328,0.5,10
reachfim_interval,11010001,8585448,0.5,10
reachfim_interval,11010001,8585736,0.5,10
reachfim_interval,11010001,8585326,0.5,10
reachfim_interval,11010001,8585152,0.5,10
reachfim_interval,11010001,8585126,0.5,10
reachfim_interval,11010001,8585092,0.5,10
reachfim_interval,11010001,8585090,0.5,10
reachfim_interval,11010001,8585078,0.5,10
reachfim_interval,11010001,8585064,0.5,10
reachfim_interval,11010001,8585004,0.5,10
reachfim_interval,11010001,8585018,0.5,10
reachfim_interval,11010001,8585066,0.5,10
reachfim_interval,11010001,8585058,0.5,10
reachfim_interval,11010001,8584890,0.5,10
reachfim_interval,11010001,8584998,0.5,10
reachfim_interval,11010001,8584970,0.5,10
reachfim_interval,11010001,8584968,0.5,10
reachfim_interval,11010001,8585028,0.5,10
reachfim_interval,11010001,8585048,0.5,10
reachfim_interval,11010001,8585084,0.5,10
reachfim_interval,11010001,8585112,0.5,10
reachfim_interval,11010001,8585148,0.5,10
reachfim_interval,11010001,8585030,0.5,10
reachfim_interval,11010001,8585050,0.5,10
reachfim_interval,11010001,8585040,0.5,10
reachfim_interval,11010001,8585042,0.5,10
reachfim_interval,11010001,8585038,0.5,10
reachfim_interval,11010001,8585046,0.5,10
reachfim_interval,11010001,8585136,0.5,10
reachfim_interval,11010001,8585036,0.5,10
reachfim_interval,11010001,8585026,0.5,10
reachfim_interval,11010001,8585020,0.5,10
reachfim_interval,11010001,8585024,0.5,10
reachfim_interval,11010001,8585100,0.5,10
reachfim_interval,11010001,8585170,0.5,10
reachfim_interval,11010001,8585016,0.5,10
reachfim_interval,11010001,8585010,0.5,10
reachfim_interval,11010001,8585032,0.5,10
reachfim_interval,11010001,8585044,0.5,10
reachfim_interval,11010001,8585054,0.5,10
reachfim_interval,11010001,8585068,0.5,10
reachfim_interval,11010001,8585074,0.5,10
reachfim_interval,11010001,8585072,0.5,10
reachfim_interval,11010001,8585012,0.5,10
reachfim_interval,11010001,8585034,0.5,10
reachfim_interval,11010001,8585052,0.5,10
reachfim_interval,11010001,8585086,0.5,10
reachfim_interval,11010001,8585076,0.5,10
reachfim_interval,11010001,8585106,0.5,10
reachfim_interval,11010001,8585138,0.5,10
reachfim_interval,11010001,8585194,0.5,10
reachfim_interval,11010001,8585110,0.5,10
reachfim_interval,11010001,8585094,0.5,10
reachfim_interval,11010001,8585114,0.5,10
reachfim_interval,11010001,8585192,0.5,10
reachfim_interval,11010001,8585098,0.5,10
reachfim_interval,11010001,8585144,0.5,10
reachfim_interval,11010001,8585172,0.5,10
reachfim_interval,11010001,8585180,0.5,10
reachfim_interval,11010001,8585250,0.5,10
reachfim_interval,11010001,8585212,0.5,10
reachfim_interval,11010001,8585120,0.5,10
reachfim_interval,11010001,8585060,0.5,10
reachfim_interval,11010001,8585116,0.5,10
reachfim_interval,11010001,8585146,0.5,10
reachfim_interval,11010001,8585154,0.5,10
reachfim_interval,11010001,8585082,0.5,10
reachfim_interval,11010001,8585108,0.5,10
reachfim_interval,11010001,8585190,0.5,10
reachfim_interval,11010001,8585122,0.5,10
reachfim_interval,11010001,8585104,0.5,10
reachfim_interval,11010001,8585156,0.5,10
reachfim_interval,11010001,8585162,0.5,10
reachfim_interval,11010001,8585186,0.5,10
reachfim_interval,11010001,8585244,0.5,10
reachfim_interval,11010001,8585164,0.5,10
reachfim_interval,11010001,8585248,0.5,10
reachfim_interval,11010001,8585216,0.5,10
reachfim_interval,11010001,8585260,0.5,10
reachfim_interval,11010001,8585218,0.5,10
reachfim_interval,11010001,8585222,0.5,10
reachfim_interval,11010001,8585220,0.5,10
reachfim_interval,11010001,8585732,0.5,10
reachfim_interval,11010001,8585188,0.5,10
reachfim_interval,11010001,8585204,0.5,10
reachfim_interval,11010001,8585938,0.5,10
reachfim_interval,11010001,8585134,0.5,10
reachfim_interval,11010001,8585088,0.5,10
reachfim_interval,11010001,8585006,0.5,10
reachfim_interval,11010001,8584990,0.5,10
reachfim_interval,11010001,8584942,0.5,10
reachfim_interval,11010001,8584932,0.5,10
reachfim_interval,11010001,8584930,0.5,10
reachfim_interval,11010001,8584892,0.5,10
reachfim_interval,11010001,8584830,0.5,10
reachfim_interval,11010001,8584854,0.5,10
reachfim_interval,11010001,8584848,0.5,10
reachfim_interval,11010001,8584836,0.5,10
reachfim_interval,11010001,8584816,0.5,10
reachfim_interval,11010001,8584818,0.5,10
reachfim_interval,11010001,8584838,0.5,10
reachfim_interval,11010001,8584850,0.5,10
reachfim_interval,11010001,8584914,0.5,10
reachfim_interval,11010001,8584882,0.5,10
reachfim_interval,11010001,8584880,0.5,10
reachfim_interval,11010001,8584974,0.5,10
reachfim_interval,11010001,8584906,0.5,10
reachfim_interval,11010001,8584870,0.5,10
reachfim_interval,11010001,8584868,0.5,10
reachfim_interval,11010001,8584908,0.5,10
reachfim_interval,11010001,8584926,0.5,10
reachfim_interval,11010001,8584918,0.5,10
reachfim_interval,11010001,8584916,0.5,10
reachfim_interval,11010001,8584910,0.5,10
reachfim_interval,11010001,8585716,0.5,10
reachfim_interval,11010001,8584898,0.5,10
reachfim_interval,11010001,8584858,0.5,10
reachfim_interval,11010001,8584860,0.5,10
reachfim_interval,11010001,8584896,0.5,10
reachfim_interval,11010001,8584956,0.5,10
reachfim_interval,11010001,8584964,0.5,10
reachfim_interval,11010001,8585722,0.5,10
reachfim_interval,11010001,8584960,0.5,10
reachfim_interval,11010001,8584976,0.5,10
reachfim_interval,11010001,8584952,0.5,10
reachfim_interval,11010001,8584958,0.5,10
reachfim_interval,11010001,8585724,0.5,10
reachfim_interval,11010001,8585726,0.5,10
reachfim_interval,11010001,8584986,0.5,10
reachfim_interval,11010001,8584994,0.5,10
reachfim_interval,11010001,8585056,0.5,10
reachfim_interval,11010001,8585008,0.5,10
reachfim_interval,11010001,8585014,0.5,10
reachfim_interval,11010001,8584954,0.5,10
reachfim_interval,11010001,8584946,0.5,10
reachfim_interval,11010001,8584934,0.5,10
reachfim_interval,11010001,8584988,0.5,10
reachfim_interval,11010001,8584936,0.5,10
reachfim_interval,11010001,8584922,0.5,10
reachfim_interval,11010001,8584924,0.5,10
reachfim_interval,11010001,8584948,0.5,10
reachfim_interval,11010001,8584966,0.5,10
reachfim_interval,11010001,8585774,0.5,10
reachfim_interval,11010001,8589236,0.5,10
reachfim_interval,11010001,8585062,0.5,10
reachfim_interval,11010001,8585176,0.5,10
reachfim_interval,11010001,8585362,0.5,10
reachfim_interval,11010001,8586586,0.5,10
reachfim_interval,11010001,8589592,0.5,10
reachfim_interval,11010001,8589588,0.5,10
reachfim_interval,11010001,8589586,0.5,10
reachfim_interval,11010001,8589584,0.5,10
reachfim_interval,11010001,8589582,0.5,10
reachfim_interval,11010001,8589558,0.5,10
reachfim_interval,11010001,8589554,0.5,10
reachfim_interval,11010001,8585778,0.5,10
reachfim_interval,11010001,8585776,0.5,10
reachfim_interval,11010001,8585790,0.5,10
reachfim_interval,11010001,8585788,0.5,10
reachfim_interval,11010001,8585814,0.5,10
reachfim_interval,11010001,8585986,0.5,10
reachfim_interval,11010001,8585982,0.5,10
reachfim_interval,11010001,8585980,0.5,10
reachfim_interval,11010001,8585978,0.5,10
reachfim_interval,11010001,8585966,0.5,10
reachfim_interval,11010001,8585958,0.5,10
reachfim_interval,11010001,8585922,0.5,10
reachfim_interval,11010001,8585914,0.5,10
reachfim_interval,11010001,8585910,0.5,10
reachfim_interval,11010001,8585908,0.5,10
reachfim_interval,11010001,8585902,0.5,10
reachfim_interval,11010001,8585878,0.5,10
reachfim_interval,11010001,8585866,0.5,10
reachfim_interval,11010001,8585854,0.5,10
reachfim_interval,11010001,8585840,0.5,10
reachfim_interval,11010001,8585836,0.5,10
reachfim_interval,11010001,8598016,0.5,10
reachfim_interval,11010001,8589568,0.5,10
reachfim_interval,11010001,8589566,0.5,10
reachfim_interval,11010001,8589564,0.5,10
reachfim_interval,11010001,8589542,0.5,10
reachfim_interval,11010001,8589540,0.5,10
reachfim_interval,11010001,8589538,0.5,10
reachfim_interval,11010001,8589536,0.5,10
reachfim_interval,11010001,8589534,0.5,10
reachfim_interval,11010001,8589526,0.5,10
reachfim_interval,11010001,8589522,0.5,10
reachfim_interval,11010001,8589518,0.5,10
reachfim_interval,11010001,8589514,0.5,10
reachfim_interval,11010001,8589512,0.5,10
reachfim_interval,11010001,8589508,0.5,10
reachfim_interval,11010001,8589506,0.5,10
reachfim_interval,11010001,8589498,0.5,10
reachfim_interval,11010001,8586098,0.5,10
reachfim_interval,11010001,8586096,0.5,10
reachfim_interval,11010001,8586094,0.5,10
reachfim_interval,11010001,8586068,0.5,10
reachfim_interval,11010001,8586056,0.5,10
reachfim_interval,11010001,8586050,0.5,10
reachfim_interval,11010001,8586048,0.5,10
reachfim_interval,11010001,8586044,0.5,10
reachfim_interval,11010001,8586042,0.5,10
reachfim_interval,11010001,8586040,0.5,10
reachfim_interval,11010001,8586038,0.5,10
reachfim_interval,11010001,8586034,0.5,10
reachfim_interval,11010001,8586032,0.5,10
reachfim_interval,11010001,8586022,0.5,10
reachfim_interval,11010001,8586018,0.5,10
reachfim_interval,11010001,8586012,0.5,10
reachfim_interval,11010001,8585834,0.5,10
reachfim_interval,11010001,8585832,0.5,10
reachfim_interval,11010001,8585822,0.5,10