reachfim_interval,01080103,9325936,0.5,10
reachfim_interval,01080103,9325926,0.5,10
reachfim_interval,01080103,9326122,0.5,10
reachfim_interval,01080103,9326020,0.5,10
reachfim_interval,01080103,9326022,0.5,10
reachfim_interval,01080103,9325940,0.5,10
reachfim_interval,01080103,9325938,0.5,10
reachfim_interval,01080103,9326140,0.5,10
reachfim_interval,01080103,9325962,0.5,10
reachfim_interval,01080103,9325980,0.5,10
reachfim_interval,01080103,9326024,0.5,10
reachfim_interval,01080103,9325986,0.5,10
reachfim_interval,01080103,9326430,0.5,10
reachfim_interval,01080103,9326026,0.5,10
reachfim_interval,01080103,9325984,0.5,10
reachfim_interval,01080103,9325934,0.5,10
reachfim_interval,01080103,9325928,0.5,10
reachfim_interval,01080103,9325930,0.5,10
reachfim_interval,01080103,9325932,0.5,10
reachfim_interval,01080103,9326028,0.5,10
reachfim_interval,01080103,9326152,0.5,10
reachfim_interval,01080103,9326030,0.5,10
reachfim_interval,01080103,9325960,0.5,10
reachfim_interval,01080103,9325942,0.5,10
reachfim_interval,01080103,9326014,0.5,10
reachfim_interval,01080103,9325964,0.5,10
reachfim_interval,01080103,9326306,0.5,10
reachfim_interval,01080103,9325988,0.5,10
reachfim_interval,01080103,9326220,0.5,10
reachfim_interval,01080103,9326218,0.5,10
reachfim_interval,01080103,9326214,0.5,10
reachfim_interval,01080103,9326206,0.5,10
reachfim_interval,01080103,9326228,0.5,10
reachfim_interval,01080103,9326224,0.5,10
reachfim_interval,01080103,9326130,0.5,10
reachfim_interval,01080103,9326226,0.5,10
reachfim_interval,01080103,9326128,0.5,10
reachfim_interval,01080103,9326196,0.5,10
reachfim_interval,01080103,9326208,0.5,10
reachfim_interval,01080103,9326232,0.5,10
reachfim_interval,01080103,9326144,0.5,10
reachfim_interval,01080103,9326146,0.5,10
reachfim_interval,01080103,9326154,0.5,10
reachfim_interval,01080103,9326212,0.5,10
reachfim_interval,01080103,9326150,0.5,10
reachfim_interval,01080103,9326210,0.5,10
reachfim_interval,01080103,9326198,0.5,10
reachfim_interval,01080103,9326148,0.5,10
reachfim_interval,01080103,9326138,0.5,10
reachfim_interval,01080103,9326134,0.5,10
reachfim_interval,01080103,9326242,0.5,10
reachfim_interval,01080103,9326136,0.5,10
reachfim_interval,01080103,9326114,0.5,10
reachfim_interval,01080103,9326190,0.5,10
reachfim_interval,01080103,9326188,0.5,10
reachfim_interval,01080103,9326234,0.5,10
reachfim_interval,01080103,9326192,0.5,10
reachfim_interval,01080103,9326120,0.5,10
reachfim_interval,01080103,9326240,0.5,10
reachfim_interval,01080103,9326118,0.5,10
reachfim_interval,01080103,9326238,0.5,10
reachfim_interval,01080103,9326194,0.5,10
reachfim_interval,01080103,9326204,0.5,10
reachfim_interval,01080103,9326126,0.5,10
reachfim_interval,01080103,9326124,0.5,10
reachfim_interval,01080103,9326202,0.5,10
reachfim_interval,01080103,9326230,0.5,10
reachfim_interval,01080103,9326236,0.5,10
reachfim_interval,01080103,9326132,0.5,10
reachfim_interval,01080103,9326116,0.5,10
reachfim_interval,01080103,9326156,0.5,10
reachfim_interval,01080103,9326142,0.5,10
reachfim_interval,01080103,9326216,0.5,10
reachfim_interval,01080103,9326158,0.5,10
reachfim_interval,01080103,9326314,0.5,10
reachfim_interval,01080103,9326316,0.5,10
reachfim_interval,01080103,9326310,0.5,10
reachfim_interval,01080103,9326308,0.5,10
reachfim_interval,01080103,9326304,0.5,10
reachfim_interval,01080104,9327842,0.5,10
reachfim_interval,01080104,9327820,0.5,10
reachfim_interval,01080104,9328008,0.5,10
reachfim_interval,01080104,9327028,0.5,10
reachfim_interval,01080104,9336444,0.5,10
reachfim_interval,01080104,9327814,0.5,10
reachfim_interval,01080104,9327030,0.5,10
reachfim_interval,01080104,9327034,0.5,10
reachfim_interval,01080104,9327576,0.5,10
reachfim_interval,01080104,9327040,0.5,10
reachfim_interval,01080104,9327044,0.5,10
reachfim_interval,01080104,9327042,0.5,10
reachfim_interval,01080104,9327016,0.5,10
reachfim_interval,01080104,9327014,0.5,10
reachfim_interval,01080104,9327052,0.5,10
reachfim_interval,01080104,9327812,0.5,10
reachfim_interval,01080104,9327802,0.5,10
reachfim_interval,01080104,9327794,0.5,10
reachfim_interval,01080104,9327808,0.5,10
reachfim_interval,01080104,9327788,0.5,10
reachfim_interval,01080104,9327770,0.5,10
reachfim_interval,01080104,9327760,0.5,10
reachfim_interval,01080104,9327764,0.5,10
reachfim_interval,01080104,9327756,0.5,10
reachfim_interval,01080104,9327738,0.5,10
reachfim_interval,01080104,9327744,0.5,10
reachfim_interval,01080104,9327748,0.5,10
reachfim_interval,01080104,9327754,0.5,10
reachfim_interval,01080104,9327736,0.5,10
reachfim_interval,01080104,9328000,0.5,10
reachfim_interval,01080104,9326910,0.5,10
reachfim_interval,01080104,9326908,0.5,10
reachfim_interval,01080104,9326914,0.5,10
reachfim_interval,01080104,9327532,0.5,10
reachfim_interval,01080104,9327730,0.5,10
reachfim_interval,01080104,9326850,0.5,10
reachfim_interval,01080104,9326852,0.5,10
reachfim_interval,01080104,9327724,0.5,10
reachfim_interval,01080104,9327996,0.5,10
reachfim_interval,01080104,9327998,0.5,10
reachfim_interval,01080104,9327728,0.5,10
reachfim_interval,01080104,9326856,0.5,10
reachfim_interval,01080104,9327530,0.5,10
reachfim_interval,01080104,9326860,0.5,10
reachfim_interval,01080104,9326866,0.5,10
reachfim_interval,01080104,9327726,0.5,10
reachfim_interval,01080104,9327714,0.5,10
reachfim_interval,01080104,9327718,0.5,10
reachfim_interval,01080104,9327706,0.5,10
reachfim_interval,01080104,9327702,0.5,10
reachfim_interval,01080104,9327694,0.5,10
reachfim_interval,01080104,9327700,0.5,10
reachfim_interval,01080104,9327676,0.5,10
reachfim_interval,01080104,9327514,0.5,10
reachfim_interval,01080104,9326778,0.5,10
reachfim_interval,01080104,9326782,0.5,10
reachfim_interval,01080104,9326780,0.5,10
reachfim_interval,01080104,9327516,0.5,10
reachfim_interval,01080104,9326792,0.5,10
reachfim_interval,01080104,9326796,0.5,10
reachfim_interval,01080104,9326816,0.5,10
reachfim_interval,01080104,9327670,0.5,10
reachfim_interval,01080104,9327664,0.5,10
reachfim_interval,01080104,9327658,0.5,10
reachfim_interval,01080104,9327654,0.5,10
reachfim_interval,01080104,9327650,0.5,10
reachfim_interval,01080104,9327652,0.5,10
reachfim_interval,01080104,9326770,0.5,10
reachfim_interval,01080104,9326758,0.5,10
reachfim_interval,01080104,9326766,0.5,10
reachfim_interval,01080104,9327642,0.5,10
reachfim_interval,01080104,9327648,0.5,10
reachfim_interval,01080104,9336432,0.5,10
reachfim_interval,01080104,9326726,0.5,10
reachfim_interval,01080104,9327990,0.5,10
reachfim_interval,01080104,9326716,0.5,10
reachfim_interval,01080104,9326712,0.5,10
reachfim_interval,01080104,9326432,0.5,10
reachfim_interval,01080104,9326312,0.5,10
reachfim_interval,01080104,9326710,0.5,10
reachfim_interval,01080104,9326318,0.5,10
reachfim_interval,01080104,9326434,0.5,10
reachfim_interval,01080104,9326322,0.5,10
reachfim_interval,01080104,9326324,0.5,10
reachfim_interval,01080104,9326320,0.5,10
reachfim_interval,01080104,9326842,0.5,10
reachfim_interval,01080104,9326810,0.5,10
reachfim_interval,01080104,9327520,0.5,10
reachfim_interval,01080104,9326802,0.5,10
reachfim_interval,01080104,9328094,0.5,10
reachfim_interval,01080104,9328096,0.5,10
reachfim_interval,01080104,9326832,0.5,10
reachfim_interval,01080104,9326824,0.5,10
reachfim_interval,01080104,9328098,0.5,10
reachfim_interval,01080104,9326848,0.5,10
reachfim_interval,01080104,9328084,0.5,10
reachfim_interval,01080104,9327062,0.5,10
reachfim_interval,01080104,9327824,0.5,10
reachfim_interval,01080104,9327822,0.5,10
reachfim_interval,01080104,9327060,0.5,10
reachfim_interval,01080104,9327010,0.5,10
reachfim_interval,01080104,9327058,0.5,10
reachfim_interval,01080104,9327816,0.5,10
reachfim_interval,01080104,9327004,0.5,10
reachfim_interval,01080104,9327806,0.5,10
reachfim_interval,01080104,9327008,0.5,10
reachfim_interval,01080104,9327810,0.5,10
reachfim_interval,01080104,9326978,0.5,10
reachfim_interval,01080104,9326980,0.5,10
reachfim_interval,01080104,9326960,0.5,10
reachfim_interval,01080104,9327554,0.5,10
reachfim_interval,01080104,9326926,0.5,10
reachfim_interval,01080104,9327552,0.5,10
reachfim_interval,01080104,9326924,0.5,10
reachfim_interval,01080104,9326964,0.5,10
reachfim_interval,01080104,9327556,0.5,10
reachfim_interval,01080104,9326950,0.5,10
reachfim_interval,01080104,9326992,0.5,10
reachfim_interval,01080104,9327804,0.5,10
reachfim_interval,01080104,9327790,0.5,10
reachfim_interval,01080104,9326962,0.5,10
reachfim_interval,01080104,9326956,0.5,10
reachfim_interval,01080104,9326958,0.5,10
reachfim_interval,01080104,9327550,0.5,10
reachfim_interval,01080104,9327768,0.5,10
reachfim_interval,01080104,9326922,0.5,10
reachfim_interval,01080104,9326930,0.5,10
reachfim_interval,01080104,9326912,0.5,10
reachfim_interval,01080104,9327746,0.5,10
reachfim_interval,01080104,9326888,0.5,10
reachfim_interval,01080104,9336442,0.5,10
reachfim_interval,01080104,9327732,0.5,10
reachfim_interval,01080104,9326862,0.5,10
reachfim_interval,01080104,9326864,0.5,10
reachfim_interval,01080104,9326836,0.5,10
reachfim_interval,01080104,9327720,0.5,10
reachfim_interval,01080104,9326834,0.5,10
reachfim_interval,01080104,9326820,0.5,10
reachfim_interval,01080104,9326822,0.5,10
reachfim_interval,01080104,9326838,0.5,10
reachfim_interval,01080104,9327716,0.5,10
reachfim_interval,01080104,9326806,0.5,10
reachfim_interval,01080104,9327704,0.5,10
reachfim_interval,01080104,9326786,0.5,10
reachfim_interval,01080104,9327684,0.5,10
reachfim_interval,01080104,9326772,0.5,10
reachfim_interval,01080104,9326768,0.5,10
reachfim_interval,01080104,9327994,0.5,10
reachfim_interval,01080104,9336436,0.5,10
reachfim_interval,01080104,9327698,0.5,10
reachfim_interval,01080104,9326762,0.5,10
reachfim_interval,01080104,9326742,0.5,10
reachfim_interval,01080104,9326754,0.5,10
reachfim_interval,01080104,9326752,0.5,10
reachfim_interval,01080104,9326750,0.5,10
reachfim_interval,01080104,9326748,0.5,10
reachfim_interval,01080104,9326744,0.5,10
reachfim_interval,01080104,9326740,0.5,10
reachfim_interval,01080104,9326734,0.5,10
reachfim_interval,01080104,9326764,0.5,10
reachfim_interval,01080104,9327512,0.5,10
reachfim_interval,01080104,9327656,0.5,10
reachfim_interval,01080104,9326722,0.5,10
reachfim_interval,01080104,9327646,0.5,10
reachfim_interval,01080104,9326724,0.5,10
reachfim_interval,01080104,9327644,0.5,10
reachfim_interval,01080104,9326326,0.5,10
reachfim_interval,01080104,9326720,0.5,10
reachfim_interval,01080104,9326328,0.5,10
reachfim_interval,01080104,9326718,0.5,10
reachfim_interval,01080104,9326714,0.5,10
reachfim_interval,01080104,9326728,0.5,10
reachfim_interval,01080104,9327660,0.5,10
reachfim_interval,01080104,9326746,0.5,10
reachfim_interval,01080104,9328026,0.5,10
reachfim_interval,01080104,9326732,0.5,10
reachfim_interval,01080104,9326738,0.5,10
reachfim_interval,01080104,9326730,0.5,10
reachfim_interval,01080104,9326736,0.5,10
reachfim_interval,01080104,9327662,0.5,10
reachfim_interval,01080104,9327992,0.5,10
reachfim_interval,01080104,9327518,0.5,10
reachfim_interval,01080104,9326800,0.5,10
reachfim_interval,01080104,9328034,0.5,10
reachfim_interval,01080104,9326804,0.5,10
reachfim_interval,01080104,9326830,0.5,10
reachfim_interval,01080104,9326808,0.5,10
reachfim_interval,01080104,9326814,0.5,10
reachfim_interval,01080104,9326818,0.5,10
reachfim_interval,01080104,9326798,0.5,10
reachfim_interval,01080104,9327696,0.5,10
reachfim_interval,01080104,9326790,0.5,10
reachfim_interval,01080104,9326794,0.5,10
reachfim_interval,01080104,9328030,0.5,10
reachfim_interval,01080104,9326788,0.5,10
reachfim_interval,01080104,9328028,0.5,10
reachfim_interval,01080104,9326774,0.5,10
reachfim_interval,01080104,9326776,0.5,10
reachfim_interval,01080104,9326760,0.5,10
reachfim_interval,01080104,9326756,0.5,10
reachfim_interval,01080104,9326784,0.5,10
reachfim_interval,01080104,9327692,0.5,10
reachfim_interval,01080104,9336434,0.5,10
reachfim_interval,01080104,9327522,0.5,10
reachfim_interval,01080104,9336438,0.5,10
reachfim_interval,01080104,9328032,0.5,10
reachfim_interval,01080104,9327708,0.5,10
reachfim_interval,01080104,9326884,0.5,10
reachfim_interval,01080104,9326886,0.5,10
reachfim_interval,01080104,9326858,0.5,10
reachfim_interval,01080104,9328036,0.5,10
reachfim_interval,01080104,9326854,0.5,10
reachfim_interval,01080104,9327546,0.5,10
reachfim_interval,01080104,9327544,0.5,10
reachfim_interval,01080104,9326906,0.5,10
reachfim_interval,01080104,9326920,0.5,10
reachfim_interval,01080104,9327740,0.5,10
reachfim_interval,01080104,9327750,0.5,10
reachfim_interval,01080104,9326944,0.5,10
reachfim_interval,01080104,9327548,0.5,10
reachfim_interval,01080104,9328002,0.5,10
reachfim_interval,01080104,9326942,0.5,10
reachfim_interval,01080104,9327758,0.5,10
reachfim_interval,01080104,9327568,0.5,10
reachfim_interval,01080104,9327762,0.5,10
reachfim_interval,01080104,9327774,0.5,10
reachfim_interval,01080104,9326948,0.5,10
reachfim_interval,01080104,9326952,0.5,10
reachfim_interval,01080104,9328004,0.5,10
reachfim_interval,01080104,9327766,0.5,10
reachfim_interval,01080104,9327782,0.5,10
reachfim_interval,01080104,9327572,0.5,10
reachfim_interval,01080104,9327792,0.5,10
reachfim_interval,01080104,9326976,0.5,10
reachfim_interval,01080104,9328042,0.5,10
reachfim_interval,01080104,9326986,0.5,10
reachfim_interval,01080104,9328006,0.5,10
reachfim_interval,01080104,9327796,0.5,10
reachfim_interval,01080104,9327064,0.5,10
reachfim_interval,01080104,9327070,0.5,10
reachfim_interval,01080104,9327036,0.5,10
reachfim_interval,01080104,9327002,0.5,10
reachfim_interval,01080104,9326968,0.5,10
reachfim_interval,01080104,9326966,0.5,10
reachfim_interval,01080104,9327012,0.5,10
reachfim_interval,01080104,9326998,0.5,10
reachfim_interval,01080104,9326996,0.5,10
reachfim_interval,01080104,9327780,0.5,10
reachfim_interval,01080104,9326974,0.5,10
reachfim_interval,01080104,9327038,0.5,10
reachfim_interval,01080104,9327032,0.5,10
reachfim_interval,01080104,9327574,0.5,10
reachfim_interval,01080104,9328046,0.5,10
reachfim_interval,01080104,9327084,0.5,10
reachfim_interval,01080104,9327840,0.5,10
reachfim_interval,01080104,9328012,0.5,10
reachfim_interval,01080104,9328050,0.5,10
reachfim_interval,01080104,9328092,0.5,10
reachfim_interval,01080104,9326844,0.5,10
reachfim_interval,01080104,9326846,0.5,10
reachfim_interval,01080104,9326812,0.5,10
reachfim_interval,01080104,9327526,0.5,10
reachfim_interval,01080104,9326826,0.5,10
reachfim_interval,01080104,9328100,0.5,10
reachfim_interval,01080104,9328102,0.5,10
reachfim_interval,01080104,9327710,0.5,10
reachfim_interval,01080104,9336440,0.5,10
reachfim_interval,01080104,9327524,0.5,10
reachfim_interval,01080104,9327528,0.5,10
reachfim_interval,01080104,9326840,0.5,10
reachfim_interval,01080104,9326828,0.5,10
reachfim_interval,01080104,9327712,0.5,10
reachfim_interval,01080104,9328104,0.5,10
reachfim_interval,01080104,4574473,0.5,10
reachfim_interval,01080104,4573867,0.5,10
reachfim_interval,01080104,4573861,0.5,10
reachfim_interval,01080104,4573853,0.5,10
reachfim_interval,01080104,4573847,0.5,10
reachfim_interval,01080104,4573845,0.5,10
reachfim_interval,01080104,4573835,0.5,10
reachfim_interval,01080104,4573833,0.5,10
reachfim_interval,01080104,4573815,0.5,10
reachfim_interval,01080104,4573933,0.5,10
reachfim_interval,01080104,4573953,0.5,10
reachfim_interval,01080104,4573807,0.5,10
reachfim_interval,01080104,4573837,0.5,10
reachfim_interval,01080104,4573941,0.5,10
reachfim_interval,01080104,4573825,0.5,10
reachfim_interval,01080104,4573819,0.5,10
reachfim_interval,01080104,4573939,0.5,10
reachfim_interval,01080104,4573821,0.5,10
reachfim_interval,01080104,4573849,0.5,10
reachfim_interval,01080104,4573863,0.5,10
reachfim_interval,01080104,4573949,0.5,10
reachfim_interval,01080104,4573859,0.5,10
reachfim_interval,01080104,4573857,0.5,10
reachfim_interval,01080104,4573947,0.5,10
reachfim_interval,01080104,4573929,0.5,10
reachfim_interval,01080104,4573997,0.5,10
reachfim_interval,01080104,4573843,0.5,10
reachfim_interval,01080104,4573851,0.5,10
reachfim_interval,01080104,4573839,0.5,10
reachfim_interval,01080104,4573831,0.5,10
reachfim_interval,01080104,4573931,0.5,10
reachfim_interval,01080104,4573809,0.5,10
reachfim_interval,01080104,4573805,0.5,10
reachfim_interval,01080104,4573823,0.5,10
reachfim_interval,01080104,4573817,0.5,10
reachfim_interval,01080104,4573935,0.5,10
reachfim_interval,01080104,4573813,0.5,10
reachfim_interval,01080104,4573801,0.5,10
reachfim_interval,01080104,4573811,0.5,10
reachfim_interval,01080104,4573803,0.5,10
reachfim_interval,01080104,4573999,0.5,10
reachfim_interval,01080104,4573937,0.5,10
reachfim_interval,01080104,4573979,0.5,10
reachfim_interval,01080104,4573827,0.5,10
reachfim_interval,01080104,4573943,0.5,10
reachfim_interval,01080104,4573829,0.5,10
reachfim_interval,01080104,4573945,0.5,10
reachfim_interval,01080104,4573855,0.5,10
reachfim_interval,01080104,4573841,0.5,10
reachfim_interval,01080104,4573873,0.5,10
reachfim_interval,01080104,4574477,0.5,10
reachfim_interval,01080104,4573951,0.5,10
reachfim_interval,01080104,4573871,0.5,10
reachfim_interval,01080104,4574499,0.5,10
reachfim_interval,01080104,4573869,0.5,10
reachfim_interval,01080104,4574495,0.5,10
reachfim_interval,01080104,4574005,0.5,10
reachfim_interval,01080104,4574487,0.5,10
reachfim_interval,01080104,4574003,0.5,10
reachfim_interval,01080104,4574007,0.5,10
reachfim_interval,01080104,4573865,0.5,10
reachfim_interval,01080104,4574503,0.5,10
reachfim_interval,01080104,4574805,0.5,10
reachfim_interval,01080104,4574713,0.5,10
reachfim_interval,01080104,4574793,0.5,10
reachfim_interval,01080104,4574789,0.5,10
reachfim_interval,01080104,4574785,0.5,10
reachfim_interval,01080104,4574867,0.5,10
reachfim_interval,01080104,4574781,0.5,10
reachfim_interval,01080104,4574857,0.5,10
reachfim_interval,01080104,4574669,0.5,10
reachfim_interval,01080104,4574763,0.5,10
reachfim_interval,01080104,4574653,0.5,10
reachfim_interval,01080104,4574617,0.5,10
reachfim_interval,01080104,4574567,0.5,10
reachfim_interval,01080104,4574565,0.5,10
reachfim_interval,01080104,4574553,0.5,10
reachfim_interval,01080104,4574543,0.5,10
reachfim_interval,01080104,4574537,0.5,10
reachfim_interval,01080104,4574523,0.5,10
reachfim_interval,01080104,4574527,0.5,10
reachfim_interval,01080104,4574519,0.5,10
reachfim_interval,01080104,4574715,0.5,10
reachfim_interval,01080104,4574711,0.5,10
reachfim_interval,01080104,4574707,0.5,10
reachfim_interval,01080104,4574797,0.5,10
reachfim_interval,01080104,4574703,0.5,10
reachfim_interval,01080104,4574699,0.5,10
reachfim_interval,01080104,4574693,0.5,10
reachfim_interval,01080104,4574689,0.5,10
reachfim_interval,01080104,4574691,0.5,10
reachfim_interval,01080104,4574697,0.5,10
reachfim_interval,01080104,4574679,0.5,10
reachfim_interval,01080104,4574685,0.5,10
reachfim_interval,01080104,4574683,0.5,10
reachfim_interval,01080104,4574675,0.5,10
reachfim_interval,01080104,4574775,0.5,10
reachfim_interval,01080104,4574771,0.5,10
reachfim_interval,01080104,4574665,0.5,10
reachfim_interval,01080104,4574645,0.5,10
reachfim_interval,01080104,4574615,0.5,10
reachfim_interval,01080104,4574601,0.5,10
reachfim_interval,01080104,4574573,0.5,10
reachfim_interval,01080104,4574755,0.5,10
reachfim_interval,01080104,4574493,0.5,10
reachfim_interval,01080104,4574483,0.5,10
reachfim_interval,01080104,4574681,0.5,10
reachfim_interval,01080104,4574769,0.5,10
reachfim_interval,01080104,4574861,0.5,10
reachfim_interval,01080104,4574489,0.5,10
reachfim_interval,01080104,4574479,0.5,10
reachfim_interval,01080104,4574475,0.5,10
reachfim_interval,01080104,4574859,0.5,10
reachfim_interval,01080104,4574501,0.5,10
reachfim_interval,01080104,4574485,0.5,10
reachfim_interval,01080104,4574505,0.5,10
reachfim_interval,01080104,4574511,0.5,10
reachfim_interval,01080104,4574491,0.5,10
reachfim_interval,01080104,4574481,0.5,10
reachfim_interval,01080104,4574513,0.5,10
reachfim_interval,01080104,4574517,0.5,10
reachfim_interval,01080104,4574547,0.5,10
reachfim_interval,01080104,4574515,0.5,10
reachfim_interval,01080104,4574507,0.5,10
reachfim_interval,01080104,4574509,0.5,10
reachfim_interval,01080104,4574525,0.5,10
reachfim_interval,01080104,4574541,0.5,10
reachfim_interval,01080104,4574787,0.5,10
reachfim_interval,01080104,4574847,0.5,10
reachfim_interval,01080104,4574783,0.5,10
reachfim_interval,01080104,4574863,0.5,10
reachfim_interval,01080104,4574777,0.5,10
reachfim_interval,01080104,4574845,0.5,10
reachfim_interval,01080104,4574761,0.5,10
reachfim_interval,01080104,4574627,0.5,10
reachfim_interval,01080104,4574581,0.5,10
reachfim_interval,01080104,4574641,0.5,10
reachfim_interval,01080104,4574815,0.5,10
reachfim_interval,01080104,4574591,0.5,10
reachfim_interval,01080104,4574813,0.5,10
reachfim_interval,01080104,4574533,0.5,10
reachfim_interval,01080104,4574559,0.5,10
reachfim_interval,01080104,4574531,0.5,10
reachfim_interval,01080104,4574529,0.5,10
reachfim_interval,01080104,4574561,0.5,10
reachfim_interval,01080104,4574549,0.5,10
reachfim_interval,01080104,4574557,0.5,10
reachfim_interval,01080104,4574583,0.5,10
reachfim_interval,01080104,4574633,0.5,10
reachfim_interval,01080104,4574563,0.5,10
reachfim_interval,01080104,4574841,0.5,10
reachfim_interval,01080104,4574539,0.5,10
reachfim_interval,01080104,4574521,0.5,10
reachfim_interval,01080104,4574535,0.5,10
reachfim_interval,01080104,4574545,0.5,10
reachfim_interval,01080104,4574551,0.5,10
reachfim_interval,01080104,4574555,0.5,10
reachfim_interval,01080104,4574569,0.5,10
reachfim_interval,01080104,4574619,0.5,10
reachfim_interval,01080104,4574597,0.5,10
reachfim_interval,01080104,4574595,0.5,10
reachfim_interval,01080104,4574593,0.5,10
reachfim_interval,01080104,4574585,0.5,10
reachfim_interval,01080104,4574587,0.5,10
reachfim_interval,01080104,4574579,0.5,10
reachfim_interval,01080104,4574589,0.5,10
reachfim_interval,01080104,4574599,0.5,10
reachfim_interval,01080104,4574607,0.5,10
reachfim_interval,01080104,4574605,0.5,10
reachfim_interval,01080104,4574643,0.5,10
reachfim_interval,01080104,4574765,0.5,10
reachfim_interval,01080104,4574843,0.5,10
reachfim_interval,01080104,4574671,0.5,10
reachfim_interval,01080104,4574791,0.5,10
reachfim_interval,01080104,4574795,0.5,10
reachfim_interval,01080104,4574701,0.5,10
reachfim_interval,01080104,4574667,0.5,10
reachfim_interval,01080104,4574687,0.5,10
reachfim_interval,01080104,4574767,0.5,10
reachfim_interval,01080104,4574655,0.5,10
reachfim_interval,01080104,4574829,0.5,10
reachfim_interval,01080104,4574631,0.5,10
reachfim_interval,01080104,4574629,0.5,10
reachfim_interval,01080104,4574657,0.5,10
reachfim_interval,01080104,4574639,0.5,10
reachfim_interval,01080104,4574831,0.5,10
reachfim_interval,01080104,4574677,0.5,10
reachfim_interval,01080104,4574673,0.5,10
reachfim_interval,01080104,4574663,0.5,10
reachfim_interval,01080104,4574659,0.5,10
reachfim_interval,01080104,4574651,0.5,10
reachfim_interval,01080104,4574661,0.5,10
reachfim_interval,01080104,4574649,0.5,10
reachfim_interval,01080104,4574635,0.5,10
reachfim_interval,01080104,4574625,0.5,10
reachfim_interval,01080104,4574611,0.5,10
reachfim_interval,01080104,4574623,0.5,10
reachfim_interval,01080104,4574609,0.5,10
reachfim_interval,01080104,4574577,0.5,10
reachfim_interval,01080104,4574575,0.5,10
reachfim_interval,01080104,4574637,0.5,10
reachfim_interval,01080104,4574613,0.5,10
reachfim_interval,01080104,4574759,0.5,10
reachfim_interval,01080104,4574603,0.5,10
reachfim_interval,01080104,4574571,0.5,10
reachfim_interval,01080104,4574647,0.5,10
reachfim_interval,01080104,4574817,0.5,10
reachfim_interval,01080104,4574773,0.5,10
reachfim_interval,01080104,4574779,0.5,10
reachfim_interval,01080104,4574801,0.5,10
reachfim_interval,01080104,4574705,0.5,10
reachfim_interval,01080104,4574695,0.5,10
reachfim_interval,01080104,4574719,0.5,10
reachfim_interval,01080104,4574799,0.5,10
reachfim_interval,01080104,4574709,0.5,10
reachfim_interval,01080104,4574833,0.5,10
reachfim_interval,01080104,4574803,0.5,10
reachfim_interval,01080104,4574835,0.5,10
reachfim_interval,01080104,4574717,0.5,10
reachfim_interval,01080104,4574723,0.5,10
reachfim_interval,01080104,4574725,0.5,10
reachfim_interval,01080104,4574851,0.5,10
reachfim_interval,01080104,4574721,0.5,10
reachfim_interval,01080104,4574849,0.5,10
reachfim_interval,01080104,4574727,0.5,10
reachfim_interval,01080104,4574865,0.5,10
reachfim_interval,01080104,4574853,0.5,10
reachfim_interval,01080104,4574729,0.5,10
reachfim_interval,01080104,4574837,0.5,10
reachfim_interval,01080104,4575373,0.5,10
reachfim_interval,01080104,4574807,0.5,10
reachfim_interval,01080104,4575371,0.5,10
reachfim_interval,01080104,9327682,0.5,10
reachfim_interval,01080104,9327680,0.5,10
reachfim_interval,01080104,9327678,0.5,10
reachfim_interval,01080104,9327674,0.5,10
reachfim_interval,01080104,9327672,0.5,10
reachfim_interval,01080104,9327668,0.5,10
reachfim_interval,01080104,9327666,0.5,10
reachfim_interval,01080104,9327690,0.5,10
reachfim_interval,01080104,9327688,0.5,10
reachfim_interval,01080104,9327686,0.5,10
reachfim_interval,01080104,4574827,0.5,10
reachfim_interval,01080104,4574825,0.5,10
reachfim_interval,01080104,4574823,0.5,10
reachfim_interval,01080104,4574821,0.5,10
reachfim_interval,01080104,4574819,0.5,10
reachfim_interval,01080105,6084519,0.5,10
reachfim_interval,01080105,6084537,0.5,10
reachfim_interval,01080105,6084639,0.5,10
reachfim_interval,01080105,6084539,0.5,10
reachfim_interval,01080105,6084511,0.5,10
reachfim_interval,01080105,6084527,0.5,10
reachfim_interval,01080105,6084523,0.5,10
reachfim_interval,01080105,6084517,0.5,10
reachfim_interval,01080105,6084503,0.5,10
reachfim_interval,01080105,6084505,0.5,10
reachfim_interval,01080105,6084497,0.5,10
reachfim_interval,01080105,6084491,0.5,10
reachfim_interval,01080105,6084481,0.5,10
reachfim_interval,01080105,6084615,0.5,10
reachfim_interval,01080105,6084625,0.5,10
reachfim_interval,01080105,6084487,0.5,10
reachfim_interval,01080105,6084463,0.5,10
reachfim_interval,01080105,6084631,0.5,10
reachfim_interval,01080105,6084613,0.5,10
reachfim_interval,01080105,6084453,0.5,10
reachfim_interval,01080105,6084621,0.5,10
reachfim_interval,01080105,6083851,0.5,10
reachfim_interval,01080105,6083805,0.5,10
reachfim_interval,01080105,6083761,0.5,10
reachfim_interval,01080105,6084307,0.5,10
reachfim_interval,01080105,6083739,0.5,10
reachfim_interval,01080105,6084283,0.5,10
reachfim_interval,01080105,6083697,0.5,10
reachfim_interval,01080105,6084277,0.5,10
reachfim_interval,01080105,6083669,0.5,10
reachfim_interval,01080105,6083663,0.5,10
reachfim_interval,01080105,6083633,0.5,10
reachfim_interval,01080105,6083631,0.5,10
reachfim_interval,01080105,6083603,0.5,10
reachfim_interval,01080105,6083583,0.5,10
reachfim_interval,01080105,6083555,0.5,10
reachfim_interval,01080105,6083539,0.5,10
reachfim_interval,01080105,6083483,0.5,10
reachfim_interval,01080105,6083463,0.5,10
reachfim_interval,01080105,6083449,0.5,10
reachfim_interval,01080105,6083407,0.5,10
reachfim_interval,01080105,6083385,0.5,10
reachfim_interval,01080105,6083337,0.5,10
reachfim_interval,01080105,6083325,0.5,10
reachfim_interval,01080105,6082801,0.5,10
reachfim_interval,01080105,6082757,0.5,10
reachfim_interval,01080105,6082861,0.5,10
reachfim_interval,01080105,6084417,0.5,10
reachfim_interval,01080105,6083839,0.5,10
reachfim_interval,01080105,6083809,0.5,10
reachfim_interval,01080105,6083787,0.5,10
reachfim_interval,01080105,6083755,0.5,10
reachfim_interval,01080105,6083749,0.5,10
reachfim_interval,01080105,6084285,0.5,10
reachfim_interval,01080105,6083701,0.5,10
reachfim_interval,01080105,6083665,0.5,10
reachfim_interval,01080105,6083659,0.5,10
reachfim_interval,01080105,6083623,0.5,10
reachfim_interval,01080105,6083591,0.5,10
reachfim_interval,01080105,6083525,0.5,10
reachfim_interval,01080105,6083487,0.5,10
reachfim_interval,01080105,6083459,0.5,10
reachfim_interval,01080105,6083417,0.5,10
reachfim_interval,01080105,6082811,0.5,10
reachfim_interval,01080105,6082789,0.5,10
reachfim_interval,01080105,6082759,0.5,10
reachfim_interval,01080105,6082747,0.5,10
reachfim_interval,01080105,6082739,0.5,10
reachfim_interval,01080105,6082889,0.5,10
reachfim_interval,01080105,6084439,0.5,10
reachfim_interval,01080105,6084435,0.5,10
reachfim_interval,01080105,6084423,0.5,10
reachfim_interval,01080105,6083825,0.5,10
reachfim_interval,01080105,6083783,0.5,10
reachfim_interval,01080105,6083763,0.5,10
reachfim_interval,01080105,6084287,0.5,10
reachfim_interval,01080105,6083619,0.5,10
reachfim_interval,01080105,6083613,0.5,10
reachfim_interval,01080105,6083607,0.5,10
reachfim_interval,01080105,6083557,0.5,10
reachfim_interval,01080105,6083547,0.5,10
reachfim_interval,01080105,6083505,0.5,10
reachfim_interval,01080105,6083467,0.5,10
reachfim_interval,01080105,6083439,0.5,10
reachfim_interval,01080105,6083399,0.5,10
reachfim_interval,01080105,6083377,0.5,10
reachfim_interval,01080105,6083335,0.5,10
reachfim_interval,01080105,6083327,0.5,10
reachfim_interval,01080105,6082815,0.5,10
reachfim_interval,01080105,6082783,0.5,10
reachfim_interval,01080105,6082775,0.5,10
reachfim_interval,01080105,6083563,0.5,10
reachfim_interval,01080105,6083553,0.5,10
reachfim_interval,01080105,6083523,0.5,10
reachfim_interval,01080105,6083515,0.5,10
reachfim_interval,01080105,6083479,0.5,10
reachfim_interval,01080105,6083435,0.5,10
reachfim_interval,01080105,6084245,0.5,10
reachfim_interval,01080105,6083369,0.5,10
reachfim_interval,01080105,6083363,0.5,10
reachfim_interval,01080105,6083355,0.5,10
reachfim_interval,01080105,6082819,0.5,10
reachfim_interval,01080105,6083351,0.5,10
reachfim_interval,01080105,6082809,0.5,10
reachfim_interval,01080105,6082779,0.5,10
reachfim_interval,01080105,6082865,0.5,10
reachfim_interval,01080105,6082743,0.5,10
reachfim_interval,01080105,6082741,0.5,10
reachfim_interval,01080105,6084457,0.5,10
reachfim_interval,01080105,6083891,0.5,10
reachfim_interval,01080105,6084477,0.5,10
reachfim_interval,01080105,6083901,0.5,10
reachfim_interval,01080105,6083903,0.5,10
reachfim_interval,01080105,6084467,0.5,10
reachfim_interval,01080105,6084475,0.5,10
reachfim_interval,01080105,6084549,0.5,10
reachfim_interval,01080105,6084461,0.5,10
reachfim_interval,01080105,6084551,0.5,10
reachfim_interval,01080105,6083909,0.5,10
reachfim_interval,01080105,6083981,0.5,10
reachfim_interval,01080105,6084483,0.5,10
reachfim_interval,01080105,6084635,0.5,10
reachfim_interval,01080105,6083995,0.5,10
reachfim_interval,01080105,6084499,0.5,10
reachfim_interval,01080105,6083997,0.5,10
reachfim_interval,01080105,6084339,0.5,10
reachfim_interval,01080105,6083965,0.5,10
reachfim_interval,01080105,6084331,0.5,10
reachfim_interval,01080105,6083933,0.5,10
reachfim_interval,01080105,6083913,0.5,10
reachfim_interval,01080105,6083885,0.5,10
reachfim_interval,01080105,6083859,0.5,10
reachfim_interval,01080105,6084441,0.5,10
reachfim_interval,01080105,6084315,0.5,10
reachfim_interval,01080105,6083773,0.5,10
reachfim_interval,01080105,6084311,0.5,10
reachfim_interval,01080105,6084297,0.5,10
reachfim_interval,01080105,6083731,0.5,10
reachfim_interval,01080105,6083719,0.5,10
reachfim_interval,01080105,6083655,0.5,10
reachfim_interval,01080105,6083643,0.5,10
reachfim_interval,01080105,6083621,0.5,10
reachfim_interval,01080105,6083615,0.5,10
reachfim_interval,01080105,6083599,0.5,10
reachfim_interval,01080105,6083571,0.5,10
reachfim_interval,01080105,6083503,0.5,10
reachfim_interval,01080105,6083447,0.5,10
reachfim_interval,01080105,6083427,0.5,10
reachfim_interval,01080105,6083393,0.5,10
reachfim_interval,01080105,6082825,0.5,10
reachfim_interval,01080105,6083375,0.5,10
reachfim_interval,01080105,6083585,0.5,10
reachfim_interval,01080105,6084267,0.5,10
reachfim_interval,01080105,6083577,0.5,10
reachfim_interval,01080105,6083565,0.5,10
reachfim_interval,01080105,6083561,0.5,10
reachfim_interval,01080105,6083533,0.5,10
reachfim_interval,01080105,6083497,0.5,10
reachfim_interval,01080105,6083795,0.5,10
reachfim_interval,01080105,6083801,0.5,10
reachfim_interval,01080105,6083797,0.5,10
reachfim_interval,01080105,6084443,0.5,10
reachfim_interval,01080105,6083793,0.5,10
reachfim_interval,01080105,6083803,0.5,10
reachfim_interval,01080105,6084313,0.5,10
reachfim_interval,01080105,6083737,0.5,10
reachfim_interval,01080105,6084305,0.5,10
reachfim_interval,01080105,6083729,0.5,10
reachfim_interval,01080105,6083723,0.5,10
reachfim_interval,01080105,6083715,0.5,10
reachfim_interval,01080105,6083671,0.5,10
reachfim_interval,01080105,6083705,0.5,10
reachfim_interval,01080105,6083987,0.5,10
reachfim_interval,01080105,6083985,0.5,10
reachfim_interval,01080105,6083979,0.5,10
reachfim_interval,01080105,6084007,0.5,10
reachfim_interval,01080105,6084003,0.5,10
reachfim_interval,01080105,6083975,0.5,10
reachfim_interval,01080105,6084333,0.5,10
reachfim_interval,01080105,6083937,0.5,10
reachfim_interval,01080105,6083935,0.5,10
reachfim_interval,01080105,6083925,0.5,10
reachfim_interval,01080105,6084369,0.5,10
reachfim_interval,01080105,6084069,0.5,10
reachfim_interval,01080105,6084101,0.5,10
reachfim_interval,01080105,6084165,0.5,10
reachfim_interval,01080105,6084185,0.5,10
reachfim_interval,01080105,6084201,0.5,10
reachfim_interval,01080105,6084459,0.5,10
reachfim_interval,01080105,6083921,0.5,10
reachfim_interval,01080105,6084547,0.5,10
reachfim_interval,01080105,6083983,0.5,10
reachfim_interval,01080105,6084005,0.5,10
reachfim_interval,01080105,6084013,0.5,10
reachfim_interval,01080105,6084361,0.5,10
reachfim_interval,01080105,6084061,0.5,10
reachfim_interval,01080105,6084119,0.5,10
reachfim_interval,01080105,6084139,0.5,10
reachfim_interval,01080105,6084189,0.5,10
reachfim_interval,01080105,6082823,0.5,10
reachfim_interval,01080105,6084587,0.5,10
reachfim_interval,01080105,6083373,0.5,10
reachfim_interval,01080105,6083489,0.5,10
reachfim_interval,01080105,6083471,0.5,10
reachfim_interval,01080105,6084317,0.5,10
reachfim_interval,01080105,6083781,0.5,10
reachfim_interval,01080105,6083777,0.5,10
reachfim_interval,01080105,6083789,0.5,10
reachfim_interval,01080105,6083835,0.5,10
reachfim_interval,01080105,6083861,0.5,10
reachfim_interval,01080105,6083811,0.5,10
reachfim_interval,01080105,6084279,0.5,10
reachfim_interval,01080105,6083927,0.5,10
reachfim_interval,01080105,6084617,0.5,10
reachfim_interval,01080105,6083873,0.5,10
reachfim_interval,01080105,6083829,0.5,10
reachfim_interval,01080105,6084569,0.5,10
reachfim_interval,01080105,6083977,0.5,10
reachfim_interval,01080105,6083457,0.5,10
reachfim_interval,01080105,6082807,0.5,10
reachfim_interval,01080105,6083905,0.5,10
reachfim_interval,01080105,6083895,0.5,10
reachfim_interval,01080105,6083865,0.5,10
reachfim_interval,01080105,6084493,0.5,10
reachfim_interval,01080105,6084111,0.5,10
reachfim_interval,01080105,6084105,0.5,10
reachfim_interval,01080105,6084081,0.5,10
reachfim_interval,01080105,6084089,0.5,10
reachfim_interval,01080105,6084091,0.5,10
reachfim_interval,01080105,6084103,0.5,10
reachfim_interval,01080105,6084115,0.5,10
reachfim_interval,01080105,6084073,0.5,10
reachfim_interval,01080105,6084509,0.5,10
reachfim_interval,01080105,6084385,0.5,10
reachfim_interval,01080105,6084135,0.5,10
reachfim_interval,01080105,6084043,0.5,10
reachfim_interval,01080105,6084485,0.5,10
reachfim_interval,01080105,6084031,0.5,10
reachfim_interval,01080105,6084019,0.5,10
reachfim_interval,01080105,6084337,0.5,10
reachfim_interval,01080105,6083661,0.5,10
reachfim_interval,01080105,6083629,0.5,10
reachfim_interval,01080105,6083593,0.5,10
reachfim_interval,01080105,6083569,0.5,10
reachfim_interval,01080105,6084401,0.5,10
reachfim_interval,01080105,6083491,0.5,10
reachfim_interval,01080105,6083545,0.5,10
reachfim_interval,01080105,6084565,0.5,10
reachfim_interval,01080105,6084259,0.5,10
reachfim_interval,01080105,6083519,0.5,10
reachfim_interval,01080105,6083915,0.5,10
reachfim_interval,01080105,6084595,0.5,10
reachfim_interval,01080105,6083957,0.5,10
reachfim_interval,01080105,6083419,0.5,10
reachfim_interval,01080105,6083391,0.5,10
reachfim_interval,01080105,6084559,0.5,10
reachfim_interval,01080105,6084035,0.5,10
reachfim_interval,01080105,6084367,0.5,10
reachfim_interval,01080105,6084055,0.5,10
reachfim_interval,01080105,6084093,0.5,10
reachfim_interval,01080105,6084137,0.5,10
reachfim_interval,01080105,6084147,0.5,10
reachfim_interval,01080105,6084149,0.5,10
reachfim_interval,01080105,6084169,0.5,10
reachfim_interval,01080105,6084177,0.5,10
reachfim_interval,01080105,6084183,0.5,10
reachfim_interval,01080105,6084205,0.5,10
reachfim_interval,01080105,6084191,0.5,10
reachfim_interval,01080105,6082761,0.5,10
reachfim_interval,01080105,6082751,0.5,10
reachfim_interval,01080105,6082891,0.5,10
reachfim_interval,01080105,6084269,0.5,10
reachfim_interval,01080105,6083647,0.5,10
reachfim_interval,01080105,6084623,0.5,10
reachfim_interval,01080105,6083907,0.5,10
reachfim_interval,01080105,6083817,0.5,10
reachfim_interval,01080105,6084643,0.5,10
reachfim_interval,01080105,6084207,0.5,10
reachfim_interval,01080105,6084209,0.5,10
reachfim_interval,01080105,6084529,0.5,10
reachfim_interval,01080105,6084555,0.5,10
reachfim_interval,01080105,6084525,0.5,10
reachfim_interval,01080105,6084203,0.5,10
reachfim_interval,01080105,6084195,0.5,10
reachfim_interval,01080105,6084521,0.5,10
reachfim_interval,01080105,6084187,0.5,10
reachfim_interval,01080105,6084513,0.5,10
reachfim_interval,01080105,6084507,0.5,10
reachfim_interval,01080105,6084161,0.5,10
reachfim_interval,01080105,6084157,0.5,10
reachfim_interval,01080105,6084163,0.5,10
reachfim_interval,01080105,6084159,0.5,10
reachfim_interval,01080105,6084155,0.5,10
reachfim_interval,01080105,6084173,0.5,10
reachfim_interval,01080105,6084181,0.5,10
reachfim_interval,01080105,6084489,0.5,10
reachfim_interval,01080105,6084079,0.5,10
reachfim_interval,01080105,6084045,0.5,10
reachfim_interval,01080105,6084075,0.5,10
reachfim_interval,01080105,6084581,0.5,10
reachfim_interval,01080105,6084071,0.5,10
reachfim_interval,01080105,6084383,0.5,10
reachfim_interval,01080105,6084063,0.5,10
reachfim_interval,01080105,6084077,0.5,10
reachfim_interval,01080105,6084583,0.5,10
reachfim_interval,01080105,6084395,0.5,10
reachfim_interval,01080105,6084129,0.5,10
reachfim_interval,01080105,6084125,0.5,10
reachfim_interval,01080105,6084127,0.5,10
reachfim_interval,01080105,6084633,0.5,10
reachfim_interval,01080105,6084353,0.5,10
reachfim_interval,01080105,6084627,0.5,10
reachfim_interval,01080105,6084363,0.5,10
reachfim_interval,01080105,6084455,0.5,10
reachfim_interval,01080105,6083993,0.5,10
reachfim_interval,01080105,6084347,0.5,10
reachfim_interval,01080105,6084345,0.5,10
reachfim_interval,01080105,6084447,0.5,10
reachfim_interval,01080105,6084329,0.5,10
reachfim_interval,01080105,6083951,0.5,10
reachfim_interval,01080105,6084017,0.5,10
reachfim_interval,01080105,6084355,0.5,10
reachfim_interval,01080105,6084047,0.5,10
reachfim_interval,01080105,6084087,0.5,10
reachfim_interval,01080105,6083941,0.5,10
reachfim_interval,01080105,6083929,0.5,10
reachfim_interval,01080105,6083949,0.5,10
reachfim_interval,01080105,6083953,0.5,10
reachfim_interval,01080105,6084015,0.5,10
reachfim_interval,01080105,6084357,0.5,10
reachfim_interval,01080105,6084027,0.5,10
reachfim_interval,01080105,6084051,0.5,10
reachfim_interval,01080105,6084359,0.5,10
reachfim_interval,01080105,6084049,0.5,10
reachfim_interval,01080105,6083893,0.5,10
reachfim_interval,01080105,6084611,0.5,10
reachfim_interval,01080105,6083919,0.5,10
reachfim_interval,01080105,6084431,0.5,10
reachfim_interval,01080105,6083959,0.5,10
reachfim_interval,01080105,6083963,0.5,10
reachfim_interval,01080105,6083889,0.5,10
reachfim_interval,01080105,6084437,0.5,10
reachfim_interval,01080105,6083887,0.5,10
reachfim_interval,01080105,6084433,0.5,10
reachfim_interval,01080105,6084543,0.5,10
reachfim_interval,01080105,6084321,0.5,10
reachfim_interval,01080105,6084545,0.5,10
reachfim_interval,01080105,6084451,0.5,10
reachfim_interval,01080105,6084579,0.5,10
reachfim_interval,01080105,6083943,0.5,10
reachfim_interval,01080105,6083945,0.5,10
reachfim_interval,01080105,6083899,0.5,10
reachfim_interval,01080105,6083971,0.5,10
reachfim_interval,01080105,6084009,0.5,10
reachfim_interval,01080105,6084041,0.5,10
reachfim_interval,01080105,6084039,0.5,10
reachfim_interval,01080105,6084067,0.5,10
reachfim_interval,01080105,6084389,0.5,10
reachfim_interval,01080105,6084145,0.5,10
reachfim_interval,01080105,6084025,0.5,10
reachfim_interval,01080105,6084391,0.5,10
reachfim_interval,01080105,6084349,0.5,10
reachfim_interval,01080105,6084341,0.5,10
reachfim_interval,01080105,6083991,0.5,10
reachfim_interval,01080105,6083939,0.5,10
reachfim_interval,01080105,6084629,0.5,10
reachfim_interval,01080105,6083863,0.5,10
reachfim_interval,01080105,6083897,0.5,10
reachfim_interval,01080105,6084001,0.5,10
reachfim_interval,01080105,6084637,0.5,10
reachfim_interval,01080105,6084033,0.5,10
reachfim_interval,01080105,6084011,0.5,10
reachfim_interval,01080105,6083999,0.5,10
reachfim_interval,01080105,6084335,0.5,10
reachfim_interval,01080105,6084325,0.5,10
reachfim_interval,01080105,6083911,0.5,10
reachfim_interval,01080105,6083883,0.5,10
reachfim_interval,01080105,6083779,0.5,10
reachfim_interval,01080105,6083751,0.5,10
reachfim_interval,01080105,6083743,0.5,10
reachfim_interval,01080105,6083741,0.5,10
reachfim_interval,01080105,6083759,0.5,10
reachfim_interval,01080105,6084295,0.5,10
reachfim_interval,01080105,6083657,0.5,10
reachfim_interval,01080105,6083601,0.5,10
reachfim_interval,01080105,6083573,0.5,10
reachfim_interval,01080105,6083587,0.5,10
reachfim_interval,01080105,6084405,0.5,10
reachfim_interval,01080105,6083589,0.5,10
reachfim_interval,01080105,6084567,0.5,10
reachfim_interval,01080105,6083509,0.5,10
reachfim_interval,01080105,6083535,0.5,10
reachfim_interval,01080105,6083499,0.5,10
reachfim_interval,01080105,6083425,0.5,10
reachfim_interval,01080105,6083413,0.5,10
reachfim_interval,01080105,6083421,0.5,10
reachfim_interval,01080105,6082785,0.5,10
reachfim_interval,01080105,6083395,0.5,10
reachfim_interval,01080105,6083367,0.5,10
reachfim_interval,01080105,6084239,0.5,10
reachfim_interval,01080105,6083353,0.5,10
reachfim_interval,01080105,6083359,0.5,10
reachfim_interval,01080105,6083371,0.5,10
reachfim_interval,01080105,6083349,0.5,10
reachfim_interval,01080105,6084589,0.5,10
reachfim_interval,01080105,6082827,0.5,10
reachfim_interval,01080105,6083345,0.5,10
reachfim_interval,01080105,6083347,0.5,10
reachfim_interval,01080105,6083361,0.5,10
reachfim_interval,01080105,6083415,0.5,10
reachfim_interval,01080105,6083461,0.5,10
reachfim_interval,01080105,6083581,0.5,10
reachfim_interval,01080105,6083575,0.5,10
reachfim_interval,01080105,6083531,0.5,10
reachfim_interval,01080105,6083501,0.5,10
reachfim_interval,01080105,6083579,0.5,10
reachfim_interval,01080105,6083597,0.5,10
reachfim_interval,01080105,6083625,0.5,10
reachfim_interval,01080105,6083605,0.5,10
reachfim_interval,01080105,6083609,0.5,10
reachfim_interval,01080105,6083651,0.5,10
reachfim_interval,01080105,6083687,0.5,10
reachfim_interval,01080105,6083645,0.5,10
reachfim_interval,01080105,6083707,0.5,10
reachfim_interval,01080105,6083733,0.5,10
reachfim_interval,01080105,6084299,0.5,10
reachfim_interval,01080105,6084301,0.5,10
reachfim_interval,01080105,6084303,0.5,10
reachfim_interval,01080105,6083727,0.5,10
reachfim_interval,01080105,6083673,0.5,10
reachfim_interval,01080105,6083721,0.5,10
reachfim_interval,01080105,6083685,0.5,10
reachfim_interval,01080105,6083713,0.5,10
reachfim_interval,01080105,6083711,0.5,10
reachfim_interval,01080105,6083725,0.5,10
reachfim_interval,01080105,6083709,0.5,10
reachfim_interval,01080105,6083775,0.5,10
reachfim_interval,01080105,6083771,0.5,10
reachfim_interval,01080105,6083791,0.5,10
reachfim_interval,01080105,6083813,0.5,10
reachfim_interval,01080105,6083857,0.5,10
reachfim_interval,01080105,6083877,0.5,10
reachfim_interval,01080105,6083867,0.5,10
reachfim_interval,01080105,6083833,0.5,10
reachfim_interval,01080105,6083821,0.5,10
reachfim_interval,01080105,6083871,0.5,10
reachfim_interval,01080105,6083843,0.5,10
reachfim_interval,01080105,6083831,0.5,10
reachfim_interval,01080105,6083961,0.5,10
reachfim_interval,01080105,6083973,0.5,10
reachfim_interval,01080105,6084327,0.5,10
reachfim_interval,01080105,6083931,0.5,10
reachfim_interval,01080105,6084323,0.5,10
reachfim_interval,01080105,6083923,0.5,10
reachfim_interval,01080105,6083955,0.5,10
reachfim_interval,01080105,6084023,0.5,10
reachfim_interval,01080105,6084343,0.5,10
reachfim_interval,01080105,6084531,0.5,10
reachfim_interval,01080105,6084371,0.5,10
reachfim_interval,01080105,6084373,0.5,10
reachfim_interval,01080105,6084379,0.5,10
reachfim_interval,01080105,6084375,0.5,10
reachfim_interval,01080105,6084133,0.5,10
reachfim_interval,01080105,6084167,0.5,10
reachfim_interval,01080105,6084085,0.5,10
reachfim_interval,01080105,6084097,0.5,10
reachfim_interval,01080105,6084123,0.5,10
reachfim_interval,01080105,6084095,0.5,10
reachfim_interval,01080105,6084131,0.5,10
reachfim_interval,01080105,6084083,0.5,10
reachfim_interval,01080105,6084037,0.5,10
reachfim_interval,01080105,6084057,0.5,10
reachfim_interval,01080105,6084065,0.5,10
reachfim_interval,01080105,6084387,0.5,10
reachfim_interval,01080105,6084153,0.5,10
reachfim_interval,01080105,6084377,0.5,10
reachfim_interval,01080105,6084059,0.5,10
reachfim_interval,01080105,6084381,0.5,10
reachfim_interval,01080105,6084109,0.5,10
reachfim_interval,01080105,6084171,0.5,10
reachfim_interval,01080105,6084197,0.5,10
reachfim_interval,01080105,6084193,0.5,10
reachfim_interval,01080105,6084179,0.5,10
reachfim_interval,01080105,6084175,0.5,10
reachfim_interval,01080105,6084151,0.5,10
reachfim_interval,01080105,6084141,0.5,10
reachfim_interval,01080105,6084107,0.5,10
reachfim_interval,01080105,6084117,0.5,10
reachfim_interval,01080105,6084099,0.5,10
reachfim_interval,01080105,6084053,0.5,10
reachfim_interval,01080105,6084365,0.5,10
reachfim_interval,01080105,6084573,0.5,10
reachfim_interval,01080105,6083785,0.5,10
reachfim_interval,01080105,6084403,0.5,10
reachfim_interval,01080105,6083611,0.5,10
reachfim_interval,01080105,6084265,0.5,10
reachfim_interval,01080105,6083549,0.5,10
reachfim_interval,01080105,6083527,0.5,10
reachfim_interval,01080105,6084255,0.5,10
reachfim_interval,01080105,6083445,0.5,10
reachfim_interval,01080105,6084261,0.5,10
reachfim_interval,01080105,6083443,0.5,10
reachfim_interval,01080105,6084561,0.5,10
reachfim_interval,01080105,6083521,0.5,10
reachfim_interval,01080105,6083441,0.5,10
reachfim_interval,01080105,6083383,0.5,10
reachfim_interval,01080105,6082813,0.5,10
reachfim_interval,01080105,6083339,0.5,10
reachfim_interval,01080105,6082777,0.5,10
reachfim_interval,01080105,6082771,0.5,10
reachfim_interval,01080105,6082773,0.5,10
reachfim_interval,01080105,6082797,0.5,10
reachfim_interval,01080105,6084585,0.5,10
reachfim_interval,01080105,6082817,0.5,10
reachfim_interval,01080105,6083329,0.5,10
reachfim_interval,01080105,6083401,0.5,10
reachfim_interval,01080105,6083387,0.5,10
reachfim_interval,01080105,6083389,0.5,10
reachfim_interval,01080105,6083465,0.5,10
reachfim_interval,01080105,6084563,0.5,10
reachfim_interval,01080105,6083507,0.5,10
reachfim_interval,01080105,6083513,0.5,10
reachfim_interval,01080105,6083477,0.5,10
reachfim_interval,01080105,6083453,0.5,10
reachfim_interval,01080105,6083455,0.5,10
reachfim_interval,01080105,6084241,0.5,10
reachfim_interval,01080105,6082871,0.5,10
reachfim_interval,01080105,6082857,0.5,10
reachfim_interval,01080105,6082859,0.5,10
reachfim_interval,01080105,6082763,0.5,10
reachfim_interval,01080105,6082787,0.5,10
reachfim_interval,01080105,6082805,0.5,10
reachfim_interval,01080105,6083357,0.5,10
reachfim_interval,01080105,6082821,0.5,10
reachfim_interval,01080105,6083365,0.5,10
reachfim_interval,01080105,6083379,0.5,10
reachfim_interval,01080105,6083423,0.5,10
reachfim_interval,01080105,6083381,0.5,10
reachfim_interval,01080105,6084249,0.5,10
reachfim_interval,01080105,6084251,0.5,10
reachfim_interval,01080105,6083529,0.5,10
reachfim_interval,01080105,6083551,0.5,10
reachfim_interval,01080105,6083617,0.5,10
reachfim_interval,01080105,6084289,0.5,10
reachfim_interval,01080105,6084291,0.5,10
reachfim_interval,01080105,6084293,0.5,10
reachfim_interval,01080105,6083677,0.5,10
reachfim_interval,01080105,6083717,0.5,10
reachfim_interval,01080105,6083675,0.5,10
reachfim_interval,01080105,6083667,0.5,10
reachfim_interval,01080105,6083649,0.5,10
reachfim_interval,01080105,6083641,0.5,10
reachfim_interval,01080105,6084275,0.5,10
reachfim_interval,01080105,6083827,0.5,10
reachfim_interval,01080105,6084425,0.5,10
reachfim_interval,01080105,6083855,0.5,10
reachfim_interval,01080105,6083837,0.5,10
reachfim_interval,01080105,6083765,0.5,10
reachfim_interval,01080105,6083799,0.5,10
reachfim_interval,01080105,6083747,0.5,10
reachfim_interval,01080105,6083745,0.5,10
reachfim_interval,01080105,6083735,0.5,10
reachfim_interval,01080105,6083653,0.5,10
reachfim_interval,01080105,6083537,0.5,10
reachfim_interval,01080105,6083511,0.5,10
reachfim_interval,01080105,6083517,0.5,10
reachfim_interval,01080105,6082753,0.5,10
reachfim_interval,01080105,6082887,0.5,10
reachfim_interval,01080105,6082877,0.5,10
reachfim_interval,01080105,6082737,0.5,10
reachfim_interval,01080105,6082735,0.5,10
reachfim_interval,01080105,6082755,0.5,10
reachfim_interval,01080105,6082893,0.5,10
reachfim_interval,01080105,6082895,0.5,10
reachfim_interval,01080105,6082795,0.5,10
reachfim_interval,01080105,6083403,0.5,10
reachfim_interval,01080105,6083475,0.5,10
reachfim_interval,01080105,6083567,0.5,10
reachfim_interval,01080105,6083543,0.5,10
reachfim_interval,01080105,6083627,0.5,10
reachfim_interval,01080105,6083691,0.5,10
reachfim_interval,01080105,6083703,0.5,10
reachfim_interval,01080105,6083689,0.5,10
reachfim_interval,01080105,6083681,0.5,10
reachfim_interval,01080105,6083637,0.5,10
reachfim_interval,01080105,6083635,0.5,10
reachfim_interval,01080105,6083683,0.5,10
reachfim_interval,01080105,6083693,0.5,10
reachfim_interval,01080105,6083757,0.5,10
reachfim_interval,01080105,6083823,0.5,10
reachfim_interval,01080105,6083853,0.5,10
reachfim_interval,01080105,6084591,0.5,10
reachfim_interval,01080105,6083847,0.5,10
reachfim_interval,01080105,6083815,0.5,10
reachfim_interval,01080105,6084409,0.5,10
reachfim_interval,01080105,6084309,0.5,10
reachfim_interval,01080105,6084571,0.5,10
reachfim_interval,01080105,6083753,0.5,10
reachfim_interval,01080105,6083695,0.5,10
reachfim_interval,01080105,6083639,0.5,10
reachfim_interval,01080105,6083595,0.5,10
reachfim_interval,01080105,6083559,0.5,10
reachfim_interval,01080105,6083485,0.5,10
reachfim_interval,01080105,6083481,0.5,10
reachfim_interval,01080105,6084399,0.5,10
reachfim_interval,01080105,6083473,0.5,10
reachfim_interval,01080105,6083493,0.5,10
reachfim_interval,01080105,6083469,0.5,10
reachfim_interval,01080105,6083437,0.5,10
reachfim_interval,01080105,6083495,0.5,10
reachfim_interval,01080105,6083433,0.5,10
reachfim_interval,01080105,6083429,0.5,10
reachfim_interval,01080105,6083431,0.5,10
reachfim_interval,01080105,6083341,0.5,10
reachfim_interval,01080105,6083331,0.5,10
reachfim_interval,01080105,6083343,0.5,10
reachfim_interval,01080105,6083319,0.5,10
reachfim_interval,01080105,6082799,0.5,10
reachfim_interval,01080105,6083323,0.5,10
reachfim_interval,01080105,6082793,0.5,10
reachfim_interval,01080105,6082767,0.5,10
reachfim_interval,01080105,6082791,0.5,10
reachfim_interval,01080105,6082769,0.5,10
reachfim_interval,01080105,6082781,0.5,10
reachfim_interval,01080105,6082749,0.5,10
reachfim_interval,01080105,6082765,0.5,10
reachfim_interval,01080105,6082879,0.5,10
reachfim_interval,01080105,6082745,0.5,10
reachfim_interval,01080105,6082863,0.5,10
reachfim_interval,01080105,6083409,0.5,10
reachfim_interval,01080105,6083451,0.5,10
reachfim_interval,01080105,6083405,0.5,10
reachfim_interval,01080105,6082803,0.5,10
reachfim_interval,01080105,6083315,0.5,10
reachfim_interval,01080105,6082867,0.5,10
reachfim_interval,01080105,6082869,0.5,10
reachfim_interval,01080105,6084235,0.5,10
reachfim_interval,01080105,6083411,0.5,10
reachfim_interval,01080105,6084243,0.5,10
reachfim_interval,01080105,6084557,0.5,10
reachfim_interval,01080105,6084247,0.5,10
reachfim_interval,01080105,6083541,0.5,10
reachfim_interval,01080105,6084253,0.5,10
reachfim_interval,01080105,6084257,0.5,10
reachfim_interval,01080105,6084263,0.5,10
reachfim_interval,01080105,6084271,0.5,10
reachfim_interval,01080105,6084273,0.5,10
reachfim_interval,01080105,6083679,0.5,10
reachfim_interval,01080105,6083699,0.5,10
reachfim_interval,01080105,6084281,0.5,10
reachfim_interval,01080105,6083807,0.5,10
reachfim_interval,01080105,6083767,0.5,10
reachfim_interval,01080105,6083769,0.5,10
reachfim_interval,01080105,6083879,0.5,10
reachfim_interval,01080105,6084575,0.5,10
reachfim_interval,01080105,6083881,0.5,10
reachfim_interval,01080105,6083819,0.5,10
reachfim_interval,01080105,6083845,0.5,10
reachfim_interval,01080105,6083875,0.5,10
reachfim_interval,01080105,6083917,0.5,10
reachfim_interval,01080105,6084619,0.5,10
reachfim_interval,01080105,6083947,0.5,10
reachfim_interval,01080105,6084465,0.5,10
reachfim_interval,01080105,6084351,0.5,10
reachfim_interval,01080105,6084479,0.5,10
reachfim_interval,01080105,6084029,0.5,10
reachfim_interval,01080105,6083989,0.5,10
reachfim_interval,01080105,6083969,0.5,10
reachfim_interval,01080105,6084577,0.5,10
reachfim_interval,01080105,6083967,0.5,10
reachfim_interval,01080105,6084021,0.5,10
reachfim_interval,01080105,6084495,0.5,10
reachfim_interval,01080105,6084113,0.5,10
reachfim_interval,01080105,6084121,0.5,10
reachfim_interval,01080105,6084501,0.5,10
reachfim_interval,01080105,6084143,0.5,10
reachfim_interval,01080105,6084641,0.5,10
reachfim_interval,01080105,6084393,0.5,10
reachfim_interval,01080105,6084515,0.5,10
reachfim_interval,01080105,6084553,0.5,10
reachfim_interval,01080105,6084199,0.5,10
reachfim_interval,01080105,6084533,0.5,10
reachfim_interval,01080105,6084535,0.5,10
reachfim_interval,01080105,6084541,0.5,10
reachfim_interval,01080105,6084419,0.5,10
reachfim_interval,01080105,6084421,0.5,10
reachfim_interval,01080105,6084445,0.5,10
reachfim_interval,01080105,6084609,0.5,10
reachfim_interval,01080105,6084415,0.5,10
reachfim_interval,01080105,6084411,0.5,10
reachfim_interval,01080105,6084413,0.5,10
reachfim_interval,01080105,6084427,0.5,10
reachfim_interval,01080105,6084429,0.5,10
reachfim_interval,01080105,6084593,0.5,10
reachfim_interval,01080105,6083841,0.5,10
reachfim_interval,01080105,6084603,0.5,10
reachfim_interval,01080105,6084607,0.5,10
reachfim_interval,01080105,6084449,0.5,10
reachfim_interval,01080105,6083869,0.5,10
reachfim_interval,01080105,6084605,0.5,10
reachfim_interval,01080105,6084319,0.5,10
reachfim_interval,01080105,6084597,0.5,10
reachfim_interval,01080105,6083397,0.5,10
reachfim_interval,01080105,6084473,0.5,10
reachfim_interval,01080105,6084471,0.5,10
reachfim_interval,01080105,6084469,0.5,10
reachfim_interval,01080105,6082885,0.5,10
reachfim_interval,01080105,6082883,0.5,10
reachfim_interval,01080105,6082881,0.5,10
reachfim_interval,01080105,9327844,0.5,10
reachfim_interval,01080105,166174555,0.5,10
reachfim_interval,01080106,6088799,0.5,10
reachfim_interval,01080106,6089001,0.5,10
reachfim_interval,01080106,6088995,0.5,10
reachfim_interval,01080106,6089053,0.5,10
reachfim_interval,01080106,6088739,0.5,10
reachfim_interval,01080106,6088719,0.5,10
reachfim_interval,01080106,6088741,0.5,10
reachfim_interval,01080106,6088769,0.5,10
reachfim_interval,01080106,6088999,0.5,10
reachfim_interval,01080106,6088783,0.5,10
reachfim_interval,01080106,6088785,0.5,10
reachfim_interval,01080106,6088763,0.5,10
reachfim_interval,01080106,6088737,0.5,10
reachfim_interval,01080106,6088701,0.5,10
reachfim_interval,01080106,6088663,0.5,10
reachfim_interval,01080106,6088765,0.5,10
reachfim_interval,01080106,6088751,0.5,10
reachfim_interval,01080106,6088697,0.5,10
reachfim_interval,01080106,6088673,0.5,10
reachfim_interval,01080106,6088659,0.5,10
reachfim_interval,01080106,6088657,0.5,10
reachfim_interval,01080106,6088791,0.5,10
reachfim_interval,01080106,6089009,0.5,10
reachfim_interval,01080106,6088827,0.5,10
reachfim_interval,01080106,6088833,0.5,10
reachfim_interval,01080106,6088837,0.5,10
reachfim_interval,01080106,6088845,0.5,10
reachfim_interval,01080106,6089081,0.5,10
reachfim_interval,01080106,6088867,0.5,10
reachfim_interval,01080106,6089043,0.5,10
reachfim_interval,01080106,6088857,0.5,10
reachfim_interval,01080106,6088853,0.5,10
reachfim_interval,01080106,6088861,0.5,10
reachfim_interval,01080106,6088863,0.5,10
reachfim_interval,01080106,6088849,0.5,10
reachfim_interval,01080106,6088823,0.5,10
reachfim_interval,01080106,6088815,0.5,10
reachfim_interval,01080106,6089021,0.5,10
reachfim_interval,01080106,6088775,0.5,10
reachfim_interval,01080106,6088759,0.5,10
reachfim_interval,01080106,6088725,0.5,10
reachfim_interval,01080106,6088709,0.5,10
reachfim_interval,01080106,6088851,0.5,10
reachfim_interval,01080106,6088843,0.5,10
reachfim_interval,01080106,6089039,0.5,10
reachfim_interval,01080106,6089027,0.5,10
reachfim_interval,01080106,6088733,0.5,10
reachfim_interval,01080106,6088721,0.5,10
reachfim_interval,01080106,6088713,0.5,10
reachfim_interval,01080106,6088685,0.5,10
reachfim_interval,01080106,6088669,0.5,10
reachfim_interval,01080106,6088881,0.5,10
reachfim_interval,01080106,6088893,0.5,10
reachfim_interval,01080106,6088895,0.5,10
reachfim_interval,01080106,6088901,0.5,10
reachfim_interval,01080106,6089097,0.5,10
reachfim_interval,01080106,6088945,0.5,10
reachfim_interval,01080106,6089007,0.5,10
reachfim_interval,01080106,6088885,0.5,10
reachfim_interval,01080106,6088911,0.5,10
reachfim_interval,01080106,6088913,0.5,10
reachfim_interval,01080106,6088909,0.5,10
reachfim_interval,01080106,6088735,0.5,10
reachfim_interval,01080106,6088675,0.5,10
reachfim_interval,01080106,6088699,0.5,10
reachfim_interval,01080106,6088677,0.5,10
reachfim_interval,01080106,6088665,0.5,10
reachfim_interval,01080106,6088645,0.5,10
reachfim_interval,01080106,6089029,0.5,10
reachfim_interval,01080106,6089037,0.5,10
reachfim_interval,01080106,6088819,0.5,10
reachfim_interval,01080106,6089031,0.5,10
reachfim_interval,01080106,6089033,0.5,10
reachfim_interval,01080106,6088717,0.5,10
reachfim_interval,01080106,6088715,0.5,10
reachfim_interval,01080106,6088743,0.5,10
reachfim_interval,01080106,6088727,0.5,10
reachfim_interval,01080106,6088729,0.5,10
reachfim_interval,01080106,6088707,0.5,10
reachfim_interval,01080106,6088689,0.5,10
reachfim_interval,01080106,6088705,0.5,10
reachfim_interval,01080106,6088687,0.5,10
reachfim_interval,01080106,6089111,0.5,10
reachfim_interval,01080106,6089003,0.5,10
reachfim_interval,01080106,6089005,0.5,10
reachfim_interval,01080106,6089105,0.5,10
reachfim_interval,01080106,6088767,0.5,10
reachfim_interval,01080106,6088773,0.5,10
reachfim_interval,01080106,6088749,0.5,10
reachfim_interval,01080106,6088647,0.5,10
reachfim_interval,01080106,6088667,0.5,10
reachfim_interval,01080106,6088679,0.5,10
reachfim_interval,01080106,6088661,0.5,10
reachfim_interval,01080106,6088651,0.5,10
reachfim_interval,01080106,6088649,0.5,10
reachfim_interval,01080106,6088653,0.5,10
reachfim_interval,01080106,6088671,0.5,10
reachfim_interval,01080106,6088655,0.5,10
reachfim_interval,01080106,6088993,0.5,10
reachfim_interval,01080106,6089085,0.5,10
reachfim_interval,01080106,6088703,0.5,10
reachfim_interval,01080106,6088779,0.5,10
reachfim_interval,01080106,6088753,0.5,10
reachfim_interval,01080106,6089013,0.5,10
reachfim_interval,01080106,6089087,0.5,10
reachfim_interval,01080106,6088831,0.5,10
reachfim_interval,01080106,6089015,0.5,10
reachfim_interval,01080106,6088855,0.5,10
reachfim_interval,01080106,6088821,0.5,10
reachfim_interval,01080106,6088811,0.5,10
reachfim_interval,01080106,6088813,0.5,10
reachfim_interval,01080106,6089019,0.5,10
reachfim_interval,01080106,6088787,0.5,10
reachfim_interval,01080106,6088757,0.5,10
reachfim_interval,01080106,6088745,0.5,10
reachfim_interval,01080106,6088691,0.5,10
reachfim_interval,01080106,6088693,0.5,10
reachfim_interval,01080106,6088747,0.5,10
reachfim_interval,01080106,6088711,0.5,10
reachfim_interval,01080106,6088731,0.5,10
reachfim_interval,01080106,6088817,0.5,10
reachfim_interval,01080106,6089023,0.5,10
reachfim_interval,01080106,6088807,0.5,10
reachfim_interval,01080106,6089025,0.5,10
reachfim_interval,01080106,6088803,0.5,10
reachfim_interval,01080106,6088793,0.5,10
reachfim_interval,01080106,6088801,0.5,10
reachfim_interval,01080106,6088797,0.5,10
reachfim_interval,01080106,6088795,0.5,10
reachfim_interval,01080106,6088805,0.5,10
reachfim_interval,01080106,6088825,0.5,10
reachfim_interval,01080106,6088809,0.5,10
reachfim_interval,01080106,6088683,0.5,10
reachfim_interval,01080106,6088695,0.5,10
reachfim_interval,01080106,6088681,0.5,10
reachfim_interval,01080106,6089077,0.5,10
reachfim_interval,01080106,6088755,0.5,10
reachfim_interval,01080106,6089089,0.5,10
reachfim_interval,01080106,6088723,0.5,10
reachfim_interval,01080106,6088835,0.5,10
reachfim_interval,01080106,6088841,0.5,10
reachfim_interval,01080106,6088829,0.5,10
reachfim_interval,01080106,6089041,0.5,10
reachfim_interval,01080106,6088879,0.5,10
reachfim_interval,01080106,6089083,0.5,10
reachfim_interval,01080106,6088897,0.5,10
reachfim_interval,01080106,6088871,0.5,10
reachfim_interval,01080106,6088865,0.5,10
reachfim_interval,01080106,6088869,0.5,10
reachfim_interval,01080106,6088875,0.5,10
reachfim_interval,01080106,6088873,0.5,10
reachfim_interval,01080106,6088891,0.5,10
reachfim_interval,01080106,6088899,0.5,10
reachfim_interval,01080106,6088903,0.5,10
reachfim_interval,01080106,6088905,0.5,10
reachfim_interval,01080106,6088921,0.5,10
reachfim_interval,01080106,6088925,0.5,10
reachfim_interval,01080106,6088935,0.5,10
reachfim_interval,01080106,6088937,0.5,10
reachfim_interval,01080106,6088949,0.5,10
reachfim_interval,01080106,6088951,0.5,10
reachfim_interval,01080106,6088955,0.5,10
reachfim_interval,01080106,6088953,0.5,10
reachfim_interval,01080106,6088939,0.5,10
reachfim_interval,01080106,6089093,0.5,10
reachfim_interval,01080106,6088923,0.5,10
reachfim_interval,01080106,6088907,0.5,10
reachfim_interval,01080106,6089091,0.5,10
reachfim_interval,01080106,6088859,0.5,10
reachfim_interval,01080106,6088929,0.5,10
reachfim_interval,01080106,6088915,0.5,10
reachfim_interval,01080106,6088889,0.5,10
reachfim_interval,01080106,6088877,0.5,10
reachfim_interval,01080106,6088847,0.5,10
reachfim_interval,01080106,6088887,0.5,10
reachfim_interval,01080106,6088917,0.5,10
reachfim_interval,01080106,6088919,0.5,10
reachfim_interval,01080106,6088927,0.5,10
reachfim_interval,01080106,6088771,0.5,10
reachfim_interval,01080106,6089055,0.5,10
reachfim_interval,01080106,6088761,0.5,10
reachfim_interval,01080106,6088997,0.5,10
reachfim_interval,01080106,6089057,0.5,10
reachfim_interval,01080106,6089011,0.5,10
reachfim_interval,01080106,6089017,0.5,10
reachfim_interval,01080106,6089035,0.5,10
reachfim_interval,01080106,6089079,0.5,10
reachfim_interval,01080106,6089113,0.5,10
reachfim_interval,01080106,6088789,0.5,10
reachfim_interval,01080106,6088777,0.5,10
reachfim_interval,01080106,6088781,0.5,10
reachfim_interval,01080106,6089063,0.5,10
reachfim_interval,01080106,6089065,0.5,10
reachfim_interval,01080106,6089107,0.5,10
reachfim_interval,01080106,6089109,0.5,10
reachfim_interval,01080106,6089099,0.5,10
reachfim_interval,01080106,9327974,0.5,10
reachfim_interval,01080106,9327980,0.5,10
reachfim_interval,01080106,9331138,0.5,10
reachfim_interval,01080106,9327258,0.5,10
reachfim_interval,01080106,9327942,0.5,10
reachfim_interval,01080106,9327966,0.5,10
reachfim_interval,01080106,9327914,0.5,10
reachfim_interval,01080106,9327930,0.5,10
reachfim_interval,01080106,9327916,0.5,10
reachfim_interval,01080106,9327908,0.5,10
reachfim_interval,01080106,9327948,0.5,10
reachfim_interval,01080106,9327952,0.5,10
reachfim_interval,01080106,9327954,0.5,10
reachfim_interval,01080106,9327970,0.5,10
reachfim_interval,01080106,9327910,0.5,10
reachfim_interval,01080106,9327950,0.5,10
reachfim_interval,01080106,9327960,0.5,10
reachfim_interval,01080106,9327896,0.5,10
reachfim_interval,01080106,9327198,0.5,10
reachfim_interval,01080106,9327892,0.5,10
reachfim_interval,01080106,9327242,0.5,10
reachfim_interval,01080106,9327248,0.5,10
reachfim_interval,01080106,9327318,0.5,10
reachfim_interval,01080106,9327622,0.5,10
reachfim_interval,01080106,9327454,0.5,10
reachfim_interval,01080106,9328654,0.5,10
reachfim_interval,01080106,9327894,0.5,10
reachfim_interval,01080106,9327886,0.5,10
reachfim_interval,01080106,9327880,0.5,10
reachfim_interval,01080106,9327876,0.5,10
reachfim_interval,01080106,9327870,0.5,10
reachfim_interval,01080106,9331722,0.5,10
reachfim_interval,01080106,9327488,0.5,10
reachfim_interval,01080106,9328674,0.5,10
reachfim_interval,01080106,9327480,0.5,10
reachfim_interval,01080106,9327370,0.5,10
reachfim_interval,01080106,9327482,0.5,10
reachfim_interval,01080106,9327450,0.5,10
reachfim_interval,01080106,9327472,0.5,10
reachfim_interval,01080106,9328642,0.5,10
reachfim_interval,01080106,9327466,0.5,10
reachfim_interval,01080106,9331714,0.5,10
reachfim_interval,01080106,9328726,0.5,10
reachfim_interval,01080106,9327452,0.5,10
reachfim_interval,01080106,9327468,0.5,10
reachfim_interval,01080106,9327362,0.5,10
reachfim_interval,01080106,9327972,0.5,10
reachfim_interval,01080106,9327346,0.5,10
reachfim_interval,01080106,9327348,0.5,10
reachfim_interval,01080106,9327350,0.5,10
reachfim_interval,01080106,9327336,0.5,10
reachfim_interval,01080106,9327360,0.5,10
reachfim_interval,01080106,9327626,0.5,10
reachfim_interval,01080106,9327326,0.5,10
reachfim_interval,01080106,9327968,0.5,10
reachfim_interval,01080106,9327474,0.5,10
reachfim_interval,01080106,9328644,0.5,10
reachfim_interval,01080106,9328658,0.5,10
reachfim_interval,01080106,9327478,0.5,10
reachfim_interval,01080106,9328684,0.5,10
reachfim_interval,01080106,9327476,0.5,10
reachfim_interval,01080106,9328664,0.5,10
reachfim_interval,01080106,9336428,0.5,10
reachfim_interval,01080106,9327484,0.5,10
reachfim_interval,01080106,9328766,0.5,10
reachfim_interval,01080106,9327486,0.5,10
reachfim_interval,01080106,9327446,0.5,10
reachfim_interval,01080106,9328662,0.5,10
reachfim_interval,01080106,9328670,0.5,10
reachfim_interval,01080106,9327470,0.5,10
reachfim_interval,01080106,9327408,0.5,10
reachfim_interval,01080106,9328024,0.5,10
reachfim_interval,01080106,9327976,0.5,10
reachfim_interval,01080106,9327304,0.5,10
reachfim_interval,01080106,9327344,0.5,10
reachfim_interval,01080106,9328078,0.5,10
reachfim_interval,01080106,9327324,0.5,10
reachfim_interval,01080106,9327288,0.5,10
reachfim_interval,01080106,9327286,0.5,10
reachfim_interval,01080106,9327620,0.5,10
reachfim_interval,01080106,9327628,0.5,10
reachfim_interval,01080106,9327374,0.5,10
reachfim_interval,01080106,9327402,0.5,10
reachfim_interval,01080106,9327394,0.5,10
reachfim_interval,01080106,9327978,0.5,10
reachfim_interval,01080106,9327306,0.5,10
reachfim_interval,01080106,9327962,0.5,10
reachfim_interval,01080106,9327256,0.5,10
reachfim_interval,01080106,9327944,0.5,10
reachfim_interval,01080106,9327236,0.5,10
reachfim_interval,01080106,9327932,0.5,10
reachfim_interval,01080106,9327912,0.5,10
reachfim_interval,01080106,9327230,0.5,10
reachfim_interval,01080106,9327918,0.5,10
reachfim_interval,01080106,9327610,0.5,10
reachfim_interval,01080106,9327888,0.5,10
reachfim_interval,01080106,9327182,0.5,10
reachfim_interval,01080106,9327882,0.5,10
reachfim_interval,01080106,9327178,0.5,10
reachfim_interval,01080106,9327148,0.5,10
reachfim_interval,01080106,9328052,0.5,10
reachfim_interval,01080106,9327154,0.5,10
reachfim_interval,01080106,9328054,0.5,10
reachfim_interval,01080106,9327180,0.5,10
reachfim_interval,01080106,9327284,0.5,10
reachfim_interval,01080106,9327364,0.5,10
reachfim_interval,01080106,9327354,0.5,10
reachfim_interval,01080106,9328080,0.5,10
reachfim_interval,01080106,9327384,0.5,10
reachfim_interval,01080106,9327618,0.5,10
reachfim_interval,01080106,9327302,0.5,10
reachfim_interval,01080106,9327292,0.5,10
reachfim_interval,01080106,9327244,0.5,10
reachfim_interval,01080106,9327212,0.5,10
reachfim_interval,01080106,9327220,0.5,10
reachfim_interval,01080106,9328064,0.5,10
reachfim_interval,01080106,9327216,0.5,10
reachfim_interval,01080106,9327196,0.5,10
reachfim_interval,01080106,9328062,0.5,10
reachfim_interval,01080106,9328070,0.5,10
reachfim_interval,01080106,9327224,0.5,10
reachfim_interval,01080106,9327898,0.5,10
reachfim_interval,01080106,9327260,0.5,10
reachfim_interval,01080106,9327274,0.5,10
reachfim_interval,01080106,9327920,0.5,10
reachfim_interval,01080106,9327946,0.5,10
reachfim_interval,01080106,9330856,0.5,10
reachfim_interval,01080106,9327464,0.5,10
reachfim_interval,01080106,9331712,0.5,10
reachfim_interval,01080106,9328628,0.5,10
reachfim_interval,01080106,9331136,0.5,10
reachfim_interval,01080106,9331124,0.5,10
reachfim_interval,01080106,9327636,0.5,10
reachfim_interval,01080106,9327632,0.5,10
reachfim_interval,01080106,9327380,0.5,10
reachfim_interval,01080106,9327378,0.5,10
reachfim_interval,01080106,9327392,0.5,10
reachfim_interval,01080106,9327368,0.5,10
reachfim_interval,01080106,9327330,0.5,10
reachfim_interval,01080106,9327328,0.5,10
reachfim_interval,01080106,9327316,0.5,10
reachfim_interval,01080106,166174541,0.5,10
reachfim_interval,01080106,166174540,0.5,10
reachfim_interval,01080106,9327366,0.5,10
reachfim_interval,01080106,9327390,0.5,10
reachfim_interval,01080106,9327400,0.5,10
reachfim_interval,01080106,9327430,0.5,10
reachfim_interval,01080106,9327406,0.5,10
reachfim_interval,01080106,9327460,0.5,10
reachfim_interval,01080106,9328630,0.5,10
reachfim_interval,01080106,9336426,0.5,10
reachfim_interval,01080106,9327462,0.5,10
reachfim_interval,01080106,9328634,0.5,10
reachfim_interval,01080106,9327458,0.5,10
reachfim_interval,01080106,9327432,0.5,10
reachfim_interval,01080106,9331708,0.5,10
reachfim_interval,01080106,9330854,0.5,10
reachfim_interval,01080106,9327630,0.5,10
reachfim_interval,01080106,9327356,0.5,10
reachfim_interval,01080106,9331298,0.5,10
reachfim_interval,01080106,9331302,0.5,10
reachfim_interval,01080106,9331286,0.5,10
reachfim_interval,01080106,9331260,0.5,10
reachfim_interval,01080106,9331278,0.5,10
reachfim_interval,01080106,9331238,0.5,10
reachfim_interval,01080106,9331234,0.5,10
reachfim_interval,01080106,9331206,0.5,10
reachfim_interval,01080106,9331202,0.5,10
reachfim_interval,01080106,9331170,0.5,10
reachfim_interval,01080106,9331164,0.5,10
reachfim_interval,01080106,9328818,0.5,10
reachfim_interval,01080106,9331204,0.5,10
reachfim_interval,01080106,9328906,0.5,10
reachfim_interval,01080106,9329016,0.5,10
reachfim_interval,01080106,9328998,0.5,10
reachfim_interval,01080106,9328940,0.5,10
reachfim_interval,01080106,9328934,0.5,10
reachfim_interval,01080106,9328876,0.5,10
reachfim_interval,01080106,9328860,0.5,10
reachfim_interval,01080106,9328852,0.5,10
reachfim_interval,01080106,9328854,0.5,10
reachfim_interval,01080106,9328850,0.5,10
reachfim_interval,01080106,9328896,0.5,10
reachfim_interval,01080106,9328932,0.5,10
reachfim_interval,01080106,9328952,0.5,10
reachfim_interval,01080106,9328954,0.5,10
reachfim_interval,01080106,9328964,0.5,10
reachfim_interval,01080106,9329034,0.5,10
reachfim_interval,01080106,9329050,0.5,10
reachfim_interval,01080106,9330880,0.5,10
reachfim_interval,01080106,9329040,0.5,10
reachfim_interval,01080106,9329026,0.5,10
reachfim_interval,01080106,9328814,0.5,10
reachfim_interval,01080106,9328768,0.5,10
reachfim_interval,01080106,9328898,0.5,10
reachfim_interval,01080106,9328794,0.5,10
reachfim_interval,01080106,9328780,0.5,10
reachfim_interval,01080106,9328652,0.5,10
reachfim_interval,01080106,9331154,0.5,10
reachfim_interval,01080106,9328724,0.5,10
reachfim_interval,01080106,9329240,0.5,10
reachfim_interval,01080106,9331304,0.5,10
reachfim_interval,01080106,9329134,0.5,10
reachfim_interval,01080106,9331288,0.5,10
reachfim_interval,01080106,9329162,0.5,10
reachfim_interval,01080106,9329154,0.5,10
reachfim_interval,01080106,9329132,0.5,10
reachfim_interval,01080106,9329058,0.5,10
reachfim_interval,01080106,9331262,0.5,10
reachfim_interval,01080106,9328926,0.5,10
reachfim_interval,01080106,9328816,0.5,10
reachfim_interval,01080106,9328842,0.5,10
reachfim_interval,01080106,9328828,0.5,10
reachfim_interval,01080106,9328702,0.5,10
reachfim_interval,01080106,9328848,0.5,10
reachfim_interval,01080106,9328792,0.5,10
reachfim_interval,01080106,9328708,0.5,10
reachfim_interval,01080106,9328710,0.5,10
reachfim_interval,01080106,9328668,0.5,10
reachfim_interval,01080106,9328786,0.5,10
reachfim_interval,01080106,9330866,0.5,10
reachfim_interval,01080106,9328946,0.5,10
reachfim_interval,01080106,9328956,0.5,10
reachfim_interval,01080106,9329024,0.5,10
reachfim_interval,01080106,9328752,0.5,10
reachfim_interval,01080106,9328686,0.5,10
reachfim_interval,01080106,9328754,0.5,10
reachfim_interval,01080106,9328812,0.5,10
reachfim_interval,01080106,9328682,0.5,10
reachfim_interval,01080106,9329054,0.5,10
reachfim_interval,01080106,9330886,0.5,10
reachfim_interval,01080106,9329074,0.5,10
reachfim_interval,01080106,9329098,0.5,10
reachfim_interval,01080106,9329104,0.5,10
reachfim_interval,01080106,9329118,0.5,10
reachfim_interval,01080106,9329072,0.5,10
reachfim_interval,01080106,9328990,0.5,10
reachfim_interval,01080106,9329094,0.5,10
reachfim_interval,01080106,9329080,0.5,10
reachfim_interval,01080106,9328972,0.5,10
reachfim_interval,01080106,9328996,0.5,10
reachfim_interval,01080106,9329052,0.5,10
reachfim_interval,01080106,9329004,0.5,10
reachfim_interval,01080106,9329018,0.5,10
reachfim_interval,01080106,9329032,0.5,10
reachfim_interval,01080106,9329078,0.5,10
reachfim_interval,01080106,9330888,0.5,10
reachfim_interval,01080106,9328904,0.5,10
reachfim_interval,01080106,9328836,0.5,10
reachfim_interval,01080106,9328740,0.5,10
reachfim_interval,01080106,9331166,0.5,10
reachfim_interval,01080106,9331650,0.5,10
reachfim_interval,01080106,9328742,0.5,10
reachfim_interval,01080106,9328770,0.5,10
reachfim_interval,01080106,9330864,0.5,10
reachfim_interval,01080106,9328676,0.5,10
reachfim_interval,01080106,9331146,0.5,10
reachfim_interval,01080106,9330868,0.5,10
reachfim_interval,01080106,9331168,0.5,10
reachfim_interval,01080106,9328892,0.5,10
reachfim_interval,01080106,9331208,0.5,10
reachfim_interval,01080106,9330876,0.5,10
reachfim_interval,01080106,9328902,0.5,10
reachfim_interval,01080106,9328938,0.5,10
reachfim_interval,01080106,9328982,0.5,10
reachfim_interval,01080106,9328980,0.5,10
reachfim_interval,01080106,9328970,0.5,10
reachfim_interval,01080106,9328840,0.5,10
reachfim_interval,01080106,9328774,0.5,10
reachfim_interval,01080106,9328748,0.5,10
reachfim_interval,01080106,9329046,0.5,10
reachfim_interval,01080106,9328994,0.5,10
reachfim_interval,01080106,9329036,0.5,10
reachfim_interval,01080106,9329112,0.5,10
reachfim_interval,01080106,9329110,0.5,10
reachfim_interval,01080106,9329148,0.5,10
reachfim_interval,01080106,9329116,0.5,10
reachfim_interval,01080106,9329084,0.5,10
reachfim_interval,01080106,9329062,0.5,10
reachfim_interval,01080106,9328992,0.5,10
reachfim_interval,01080106,9329066,0.5,10
reachfim_interval,01080106,9331224,0.5,10
reachfim_interval,01080106,9329056,0.5,10
reachfim_interval,01080106,9329086,0.5,10
reachfim_interval,01080106,9329028,0.5,10
reachfim_interval,01080106,9328968,0.5,10
reachfim_interval,01080106,9328864,0.5,10
reachfim_interval,01080106,9328888,0.5,10
reachfim_interval,01080106,9328886,0.5,10
reachfim_interval,01080106,9328928,0.5,10
reachfim_interval,01080106,9328866,0.5,10
reachfim_interval,01080106,9328822,0.5,10
reachfim_interval,01080106,9328920,0.5,10
reachfim_interval,01080106,9328986,0.5,10
reachfim_interval,01080106,9328988,0.5,10
reachfim_interval,01080106,9328942,0.5,10
reachfim_interval,01080106,9328950,0.5,10
reachfim_interval,01080106,9328862,0.5,10
reachfim_interval,01080106,9328746,0.5,10
reachfim_interval,01080106,9328728,0.5,10
reachfim_interval,01080106,9328718,0.5,10
reachfim_interval,01080106,9328738,0.5,10
reachfim_interval,01080106,9328736,0.5,10
reachfim_interval,01080106,9328764,0.5,10
reachfim_interval,01080106,9328784,0.5,10
reachfim_interval,01080106,9328782,0.5,10
reachfim_interval,01080106,9328716,0.5,10
reachfim_interval,01080106,9328804,0.5,10
reachfim_interval,01080106,9328820,0.5,10
reachfim_interval,01080106,9328826,0.5,10
reachfim_interval,01080106,9328962,0.5,10
reachfim_interval,01080106,9328824,0.5,10
reachfim_interval,01080106,9328944,0.5,10
reachfim_interval,01080106,9328872,0.5,10
reachfim_interval,01080106,9328762,0.5,10
reachfim_interval,01080106,9328730,0.5,10
reachfim_interval,01080106,9328776,0.5,10
reachfim_interval,01080106,9330874,0.5,10
reachfim_interval,01080106,9328772,0.5,10
reachfim_interval,01080106,9329002,0.5,10
reachfim_interval,01080106,9331232,0.5,10
reachfim_interval,01080106,9329042,0.5,10
reachfim_interval,01080106,9331236,0.5,10
reachfim_interval,01080106,9331652,0.5,10
reachfim_interval,01080106,9330884,0.5,10
reachfim_interval,01080106,9331626,0.5,10
reachfim_interval,01080106,9331276,0.5,10
reachfim_interval,01080106,9329176,0.5,10
reachfim_interval,01080106,9331296,0.5,10
reachfim_interval,01080106,9328666,0.5,10
reachfim_interval,01080106,9328698,0.5,10
reachfim_interval,01080106,9330870,0.5,10
reachfim_interval,01080106,9328802,0.5,10
reachfim_interval,01080106,9328694,0.5,10
reachfim_interval,01080106,9328692,0.5,10
reachfim_interval,01080106,9328660,0.5,10
reachfim_interval,01080106,9328808,0.5,10
reachfim_interval,01080106,9330862,0.5,10
reachfim_interval,01080106,9327904,0.5,10
reachfim_interval,01080106,9331148,0.5,10
reachfim_interval,01080106,9331152,0.5,10
reachfim_interval,01080106,6089067,0.5,10
reachfim_interval,01080106,166443363,0.5,10
reachfim_interval,01080106,166443362,0.5,10
reachfim_interval,01080106,6089071,0.5,10
reachfim_interval,01080106,6089073,0.5,10
reachfim_interval,01080106,6089075,0.5,10
reachfim_interval,01080106,6089061,0.5,10
reachfim_interval,01080106,6089115,0.5,10
reachfim_interval,01080106,6089117,0.5,10
reachfim_interval,01080106,6089059,0.5,10
reachfim_interval,01080106,6089101,0.5,10
reachfim_interval,01080106,6089103,0.5,10
reachfim_interval,01080106,9331210,0.5,10
reachfim_interval,01080106,9331212,0.5,10
reachfim_interval,01080106,9331214,0.5,10
reachfim_interval,01080106,9331216,0.5,10
reachfim_interval,01080106,9331218,0.5,10
reachfim_interval,01080106,166174542,0.5,10
reachfim_interval,01080106,9327878,0.5,10
reachfim_interval,01080106,166174538,0.5,10
reachfim_interval,01080106,166174539,0.5,10
reachfim_interval,01080106,166443364,0.5,10
reachfim_interval,04150403,4578146,0.5,10
reachfim_interval,04150403,4577660,0.5,10
reachfim_interval,04150403,4577634,0.5,10
reachfim_interval,04150403,4578156,0.5,10
reachfim_interval,04150403,4577730,0.5,10
reachfim_interval,04150403,4577650,0.5,10
reachfim_interval,04150403,4577664,0.5,10
reachfim_interval,04150403,4577680,0.5,10
reachfim_interval,04150403,4577688,0.5,10
reachfim_interval,04150403,4577960,0.5,10
reachfim_interval,04150403,4577710,0.5,10
reachfim_interval,04150403,4577724,0.5,10
reachfim_interval,04150403,4577726,0.5,10
reachfim_interval,04150403,4577732,0.5,10
reachfim_interval,04150403,4577984,0.5,10
reachfim_interval,04150403,4577760,0.5,10
reachfim_interval,04150403,4577762,0.5,10
reachfim_interval,04150403,4577770,0.5,10
reachfim_interval,04150403,4578164,0.5,10
reachfim_interval,04150403,4577782,0.5,10
reachfim_interval,04150403,4577958,0.5,10
reachfim_interval,04150403,4577974,0.5,10
reachfim_interval,04150403,4577986,0.5,10
reachfim_interval,04150403,4577756,0.5,10
reachfim_interval,04150403,4577780,0.5,10
reachfim_interval,04150403,4577950,0.5,10
reachfim_interval,04150403,4577640,0.5,10
reachfim_interval,04150403,4577622,0.5,10
reachfim_interval,04150403,4577716,0.5,10
reachfim_interval,04150403,4577970,0.5,10
reachfim_interval,04150403,4577704,0.5,10
reachfim_interval,04150403,4578154,0.5,10
reachfim_interval,04150403,4577676,0.5,10
reachfim_interval,04150403,4578228,0.5,10
reachfim_interval,04150403,4577678,0.5,10
reachfim_interval,04150403,4577690,0.5,10
reachfim_interval,04150403,4577712,0.5,10
reachfim_interval,04150403,4577706,0.5,10
reachfim_interval,04150403,4578158,0.5,10
reachfim_interval,04150403,4578232,0.5,10
reachfim_interval,04150403,4577728,0.5,10
reachfim_interval,04150403,4578236,0.5,10
reachfim_interval,04150403,4577740,0.5,10
reachfim_interval,04150403,4577988,0.5,10
reachfim_interval,04150403,4577746,0.5,10
reachfim_interval,04150403,4578160,0.5,10
reachfim_interval,04150403,4577742,0.5,10
reachfim_interval,04150403,4577764,0.5,10
reachfim_interval,04150403,4578254,0.5,10
reachfim_interval,04150403,4577766,0.5,10
reachfim_interval,04150403,4578238,0.5,10
reachfim_interval,04150403,4577772,0.5,10
reachfim_interval,04150403,4577982,0.5,10
reachfim_interval,04150403,4577976,0.5,10
reachfim_interval,04150403,4577768,0.5,10
reachfim_interval,04150403,4577754,0.5,10
reachfim_interval,04150403,4577972,0.5,10
reachfim_interval,04150403,4577682,0.5,10
reachfim_interval,04150403,4577962,0.5,10
reachfim_interval,04150403,4577956,0.5,10
reachfim_interval,04150403,4577686,0.5,10
reachfim_interval,04150403,4577652,0.5,10
reachfim_interval,04150403,4577638,0.5,10
reachfim_interval,04150403,4578152,0.5,10
reachfim_interval,04150403,4578150,0.5,10
reachfim_interval,04150403,4578148,0.5,10
reachfim_interval,01080103,9326112,0.5,10
reachfim_interval,01080104,4574621,0.5,10
reachfim_interval,01080104,4574757,0.5,10
reachfim_interval,01080104,4574497,0.5,10
reachfim_interval,01080104,4574855,0.5,10
reachfim_interval,01080105,6083333,0.5,10
reachfim_interval,01080105,6083321,0.5,10
reachfim_interval,01080105,6083317,0.5,10
reachfim_interval,01080105,6084237,0.5,10
reachfim_interval,01080105,6082873,0.5,10
