reachfim_interval,10290106,7374213,0.5,10
reachfim_interval,10290106,7374295,0.5,10
reachfim_interval,10290106,7374283,0.5,10
reachfim_interval,10290106,7374319,0.5,10
reachfim_interval,10290106,7374355,0.5,10
reachfim_interval,10290106,7374407,0.5,10
reachfim_interval,10290106,7374463,0.5,10
reachfim_interval,10290106,7374467,0.5,10
reachfim_interval,10290106,7374561,0.5,10
reachfim_interval,10290106,7374605,0.5,10
reachfim_interval,10290106,7374649,0.5,10
reachfim_interval,10290106,7374639,0.5,10
reachfim_interval,10290106,7374657,0.5,10
reachfim_interval,10290106,7374715,0.5,10
reachfim_interval,10290106,7374753,0.5,10
reachfim_interval,10290106,7374789,0.5,10
reachfim_interval,10290106,7374961,0.5,10
reachfim_interval,10290106,7374967,0.5,10
reachfim_interval,10290106,7374997,0.5,10
reachfim_interval,10290106,7375007,0.5,10
reachfim_interval,10290106,7375131,0.5,10
reachfim_interval,10290106,7375211,0.5,10
reachfim_interval,10290106,7375285,0.5,10
reachfim_interval,10290106,7375291,0.5,10
reachfim_interval,10290106,7375357,0.5,10
reachfim_interval,10290106,7375423,0.5,10
reachfim_interval,10290106,7375513,0.5,10
reachfim_interval,10290106,7375563,0.5,10
reachfim_interval,10290106,7375595,0.5,10
reachfim_interval,10290106,7375653,0.5,10
reachfim_interval,10290106,7375669,0.5,10
reachfim_interval,10290106,7375657,0.5,10
reachfim_interval,10290106,7376293,0.5,10
reachfim_interval,10290106,7375703,0.5,10
reachfim_interval,10290106,7375711,0.5,10
reachfim_interval,10290106,7375747,0.5,10
reachfim_interval,10290106,7375743,0.5,10
reachfim_interval,10290106,7375757,0.5,10
reachfim_interval,10290106,7375785,0.5,10
reachfim_interval,10290106,7375789,0.5,10
reachfim_interval,10290106,7375871,0.5,10
reachfim_interval,10290106,7375877,0.5,10
reachfim_interval,10290106,7375915,0.5,10
reachfim_interval,10290106,7375919,0.5,10
reachfim_interval,10290106,7375947,0.5,10
reachfim_interval,10290106,7375957,0.5,10
reachfim_interval,10290106,7375975,0.5,10
reachfim_interval,10290106,7376009,0.5,10
reachfim_interval,10290106,7376011,0.5,10
reachfim_interval,10290106,7376027,0.5,10
reachfim_interval,10290106,7376069,0.5,10
reachfim_interval,10290106,7376093,0.5,10
reachfim_interval,10290106,7375765,0.5,10
reachfim_interval,10290106,7375777,0.5,10
reachfim_interval,10290106,7375787,0.5,10
reachfim_interval,10290106,7375837,0.5,10
reachfim_interval,10290106,7376337,0.5,10
reachfim_interval,10290106,7375929,0.5,10
reachfim_interval,10290106,7375939,0.5,10
reachfim_interval,10290106,7375961,0.5,10
reachfim_interval,10290106,7374777,0.5,10
reachfim_interval,10290106,7374799,0.5,10
reachfim_interval,10290106,7374805,0.5,10
reachfim_interval,10290106,7374849,0.5,10
reachfim_interval,10290106,7374919,0.5,10
reachfim_interval,10290106,7374929,0.5,10
reachfim_interval,10290106,7374927,0.5,10
reachfim_interval,10290106,7374963,0.5,10
reachfim_interval,10290106,7374999,0.5,10
reachfim_interval,10290106,7375047,0.5,10
reachfim_interval,10290106,7375091,0.5,10
reachfim_interval,10290106,7375129,0.5,10
reachfim_interval,10290106,7375209,0.5,10
reachfim_interval,10290106,7376233,0.5,10
reachfim_interval,10290106,7375375,0.5,10
reachfim_interval,10290106,7375399,0.5,10
reachfim_interval,10290106,7375401,0.5,10
reachfim_interval,10290106,7375407,0.5,10
reachfim_interval,10290106,7375481,0.5,10
reachfim_interval,10290106,7375485,0.5,10
reachfim_interval,10290106,7375479,0.5,10
reachfim_interval,10290106,7375643,0.5,10
reachfim_interval,10290106,7376309,0.5,10
reachfim_interval,10290106,7375739,0.5,10
reachfim_interval,10290106,7376471,0.5,10
reachfim_interval,10290106,7374025,0.5,10
reachfim_interval,10290106,7374093,0.5,10
reachfim_interval,10290106,7374099,0.5,10
reachfim_interval,10290106,7374195,0.5,10
reachfim_interval,10290106,7374257,0.5,10
reachfim_interval,10290106,7374285,0.5,10
reachfim_interval,10290106,7374301,0.5,10
reachfim_interval,10290106,7374357,0.5,10
reachfim_interval,10290106,7374393,0.5,10
reachfim_interval,10290106,7374429,0.5,10
reachfim_interval,10290106,7374499,0.5,10
reachfim_interval,10290106,7374537,0.5,10
reachfim_interval,10290106,7374609,0.5,10
reachfim_interval,10290106,7374665,0.5,10
reachfim_interval,10290106,7374707,0.5,10
reachfim_interval,10290106,7374737,0.5,10
reachfim_interval,10290106,7374785,0.5,10
reachfim_interval,10290106,7374879,0.5,10
reachfim_interval,10290106,7374907,0.5,10
reachfim_interval,10290106,7374957,0.5,10
reachfim_interval,10290106,7374983,0.5,10
reachfim_interval,10290106,7375003,0.5,10
reachfim_interval,10290106,7375063,0.5,10
reachfim_interval,10290106,7375105,0.5,10
reachfim_interval,10290106,7375205,0.5,10
reachfim_interval,10290106,7374259,0.5,10
reachfim_interval,10290106,7374239,0.5,10
reachfim_interval,10290106,7374237,0.5,10
reachfim_interval,10290106,7374233,0.5,10
reachfim_interval,10290106,7374249,0.5,10
reachfim_interval,10290106,7374311,0.5,10
reachfim_interval,10290106,7374415,0.5,10
reachfim_interval,10290106,7374445,0.5,10
reachfim_interval,10290106,7374447,0.5,10
reachfim_interval,10290106,7374495,0.5,10
reachfim_interval,10290106,7374611,0.5,10
reachfim_interval,10290106,7374633,0.5,10
reachfim_interval,10290106,7374661,0.5,10
reachfim_interval,10290106,7374681,0.5,10
reachfim_interval,10290106,7374765,0.5,10
reachfim_interval,10290106,7374853,0.5,10
reachfim_interval,10290106,7374863,0.5,10
reachfim_interval,10290106,7374877,0.5,10
reachfim_interval,10290106,7374869,0.5,10
reachfim_interval,10290106,7374885,0.5,10
reachfim_interval,10290106,7374893,0.5,10
reachfim_interval,10290106,7375013,0.5,10
reachfim_interval,10290106,7375019,0.5,10
reachfim_interval,10290106,7375103,0.5,10
reachfim_interval,10290106,7375245,0.5,10
reachfim_interval,10290106,7375247,0.5,10
reachfim_interval,10290106,7375319,0.5,10
reachfim_interval,10290106,7375347,0.5,10
reachfim_interval,10290106,7375345,0.5,10
reachfim_interval,10290106,7375403,0.5,10
reachfim_interval,10290106,7375445,0.5,10
reachfim_interval,10290106,7375449,0.5,10
reachfim_interval,10290106,7375531,0.5,10
reachfim_interval,10290106,7375529,0.5,10
reachfim_interval,10290106,7375503,0.5,10
reachfim_interval,10290106,7375521,0.5,10
reachfim_interval,10290106,7375585,0.5,10
reachfim_interval,10290106,7376259,0.5,10
reachfim_interval,10290106,7375591,0.5,10
reachfim_interval,10290106,7375589,0.5,10
reachfim_interval,10290106,7375613,0.5,10
reachfim_interval,10290106,7375663,0.5,10
reachfim_interval,10290106,7375675,0.5,10
reachfim_interval,10290106,7375433,0.5,10
reachfim_interval,10290106,7375395,0.5,10
reachfim_interval,10290106,7375261,0.5,10
reachfim_interval,10290106,7375259,0.5,10
reachfim_interval,10290106,7375231,0.5,10
reachfim_interval,10290106,7375223,0.5,10
reachfim_interval,10290106,7375201,0.5,10
reachfim_interval,10290106,7375141,0.5,10
reachfim_interval,10290106,7375151,0.5,10
reachfim_interval,10290106,7376229,0.5,10
reachfim_interval,10290106,7375181,0.5,10
reachfim_interval,10290106,7375187,0.5,10
reachfim_interval,10290106,7376231,0.5,10
reachfim_interval,10290106,7375385,0.5,10
reachfim_interval,10290106,7375383,0.5,10
reachfim_interval,10290106,7375393,0.5,10
reachfim_interval,10290106,7375409,0.5,10
reachfim_interval,10290106,7375235,0.5,10
reachfim_interval,10290106,7375267,0.5,10
reachfim_interval,10290106,7375265,0.5,10
reachfim_interval,10290106,7375377,0.5,10
reachfim_interval,10290106,7375301,0.5,10
reachfim_interval,10290106,7375483,0.5,10
reachfim_interval,10290106,7374345,0.5,10
reachfim_interval,10290106,7374359,0.5,10
reachfim_interval,10290106,7374351,0.5,10
reachfim_interval,10290106,7374375,0.5,10
reachfim_interval,10290106,7374423,0.5,10
reachfim_interval,10290106,7374427,0.5,10
reachfim_interval,10290106,7374479,0.5,10
reachfim_interval,10290106,7374535,0.5,10
reachfim_interval,10290106,7374543,0.5,10
reachfim_interval,10290106,7374551,0.5,10
reachfim_interval,10290106,7374549,0.5,10
reachfim_interval,10290106,7374553,0.5,10
reachfim_interval,10290106,7374593,0.5,10
reachfim_interval,10290106,7374581,0.5,10
reachfim_interval,10290106,7374579,0.5,10
reachfim_interval,10290106,7374591,0.5,10
reachfim_interval,10290106,7374589,0.5,10
reachfim_interval,10290106,7374607,0.5,10
reachfim_interval,10290106,7374617,0.5,10
reachfim_interval,10290106,7374625,0.5,10
reachfim_interval,10290106,7376209,0.5,10
reachfim_interval,10290106,7374689,0.5,10
reachfim_interval,10290106,7374819,0.5,10
reachfim_interval,10290106,7374421,0.5,10
reachfim_interval,10290106,7374397,0.5,10
reachfim_interval,10290106,7374365,0.5,10
reachfim_interval,10290106,7374293,0.5,10
reachfim_interval,10290106,7374739,0.5,10
reachfim_interval,10290106,7374887,0.5,10
reachfim_interval,10290106,7376425,0.5,10
reachfim_interval,10290106,7376427,0.5,10
reachfim_interval,10290106,7374147,0.5,10
reachfim_interval,10290106,7374063,0.5,10
reachfim_interval,10290106,7374021,0.5,10
reachfim_interval,10290106,7376245,0.5,10
reachfim_interval,10290106,7375453,0.5,10
reachfim_interval,10290106,7375607,0.5,10
reachfim_interval,10290106,7375897,0.5,10
reachfim_interval,10290106,7376339,0.5,10
reachfim_interval,10290106,7375963,0.5,10
reachfim_interval,10290106,7376341,0.5,10
reachfim_interval,10290106,7374865,0.5,10
reachfim_interval,10290106,7374925,0.5,10
reachfim_interval,10290106,7374985,0.5,10
reachfim_interval,10290106,7375057,0.5,10
reachfim_interval,10290106,7375173,0.5,10
reachfim_interval,10290106,7374327,0.5,10
reachfim_interval,10290106,7374405,0.5,10
reachfim_interval,10290106,7375085,0.5,10
reachfim_interval,10290106,7375165,0.5,10
reachfim_interval,10290106,7375283,0.5,10
reachfim_interval,10290106,7374615,0.5,10
reachfim_interval,10290106,7374647,0.5,10
reachfim_interval,10290106,7374939,0.5,10
reachfim_interval,10290106,7374751,0.5,10
reachfim_interval,10290106,7375017,0.5,10
reachfim_interval,10290106,7374621,0.5,10
reachfim_interval,10290106,7374741,0.5,10
reachfim_interval,10290106,7374749,0.5,10
reachfim_interval,10290106,7374943,0.5,10
reachfim_interval,10290106,7375021,0.5,10
reachfim_interval,10290106,7375307,0.5,10
reachfim_interval,10290106,7375297,0.5,10
reachfim_interval,10290106,7375257,0.5,10
reachfim_interval,10290106,7375303,0.5,10
reachfim_interval,10290106,7375771,0.5,10
reachfim_interval,10290106,7376285,0.5,10
reachfim_interval,10290106,7375305,0.5,10
reachfim_interval,10290106,7375311,0.5,10
reachfim_interval,10290106,7375371,0.5,10
reachfim_interval,10290106,7375331,0.5,10
reachfim_interval,10290106,7375619,0.5,10
reachfim_interval,10290106,7375475,0.5,10
reachfim_interval,10290106,7374653,0.5,10
reachfim_interval,10290106,7374695,0.5,10
reachfim_interval,10290106,7374699,0.5,10
reachfim_interval,10290106,7374745,0.5,10
reachfim_interval,10290106,7374747,0.5,10
reachfim_interval,10290106,7374763,0.5,10
reachfim_interval,10290106,7374811,0.5,10
reachfim_interval,10290106,7374815,0.5,10
reachfim_interval,10290106,7374845,0.5,10
reachfim_interval,10290106,7376217,0.5,10
reachfim_interval,10290106,7374015,0.5,10
reachfim_interval,10290106,7372829,0.5,10
reachfim_interval,10290106,7373985,0.5,10
reachfim_interval,10290106,7372809,0.5,10
reachfim_interval,10290106,7372817,0.5,10
reachfim_interval,10290106,7372819,0.5,10
reachfim_interval,10290106,7372793,0.5,10
reachfim_interval,10290106,7372759,0.5,10
reachfim_interval,10290106,7372783,0.5,10
reachfim_interval,10290106,7372795,0.5,10
reachfim_interval,10290106,7372765,0.5,10
reachfim_interval,10290106,7372827,0.5,10
reachfim_interval,10290106,7372825,0.5,10
reachfim_interval,10290106,7372753,0.5,10
reachfim_interval,10290106,7372709,0.5,10
reachfim_interval,10290106,7372721,0.5,10
reachfim_interval,10290106,7372713,0.5,10
reachfim_interval,10290106,7375463,0.5,10
reachfim_interval,10290106,7375497,0.5,10
reachfim_interval,10290106,7375615,0.5,10
reachfim_interval,10290106,7376311,0.5,10
reachfim_interval,10290106,7375737,0.5,10
reachfim_interval,10290106,7374903,0.5,10
reachfim_interval,10290106,7374871,0.5,10
reachfim_interval,10290106,7374769,0.5,10
reachfim_interval,10290106,7374619,0.5,10
reachfim_interval,10290106,7374731,0.5,10
reachfim_interval,10290106,7375683,0.5,10
reachfim_interval,10290106,7376291,0.5,10
reachfim_interval,10290106,7375781,0.5,10
reachfim_interval,10290106,7375799,0.5,10
reachfim_interval,10290106,7375909,0.5,10
reachfim_interval,10290106,7374251,0.5,10
reachfim_interval,10290106,7374243,0.5,10
reachfim_interval,10290106,7374245,0.5,10
reachfim_interval,10290106,7374265,0.5,10
reachfim_interval,10290106,7374253,0.5,10
reachfim_interval,10290106,7374261,0.5,10
reachfim_interval,10290106,7375639,0.5,10
reachfim_interval,10290106,7375641,0.5,10
reachfim_interval,10290106,7374139,0.5,10
reachfim_interval,10290106,7374141,0.5,10
reachfim_interval,10290106,7374185,0.5,10
reachfim_interval,10290106,7374307,0.5,10
reachfim_interval,10290106,7374363,0.5,10
reachfim_interval,10290106,7374455,0.5,10
reachfim_interval,10290106,7374529,0.5,10
reachfim_interval,10290106,7374637,0.5,10
reachfim_interval,10290106,7374457,0.5,10
reachfim_interval,10290106,7376197,0.5,10
reachfim_interval,10290106,7374477,0.5,10
reachfim_interval,10290106,7376195,0.5,10
reachfim_interval,10290106,7374449,0.5,10
reachfim_interval,10290106,7376203,0.5,10
reachfim_interval,10290106,7374735,0.5,10
reachfim_interval,10290106,7374663,0.5,10
reachfim_interval,10290106,7374587,0.5,10
reachfim_interval,10290106,7374755,0.5,10
reachfim_interval,10290106,7374823,0.5,10
reachfim_interval,10290106,7374981,0.5,10
reachfim_interval,10290106,7375237,0.5,10
reachfim_interval,10290106,7375065,0.5,10
reachfim_interval,10290106,7375001,0.5,10
reachfim_interval,10290106,7374905,0.5,10
reachfim_interval,10290106,7376431,0.5,10
reachfim_interval,10290106,7374889,0.5,10
reachfim_interval,10290106,7376429,0.5,10
reachfim_interval,10290106,7374831,0.5,10
reachfim_interval,10290106,7374821,0.5,10
reachfim_interval,10290106,7374685,0.5,10
reachfim_interval,10290106,7374547,0.5,10
reachfim_interval,10290106,7374627,0.5,10
reachfim_interval,10290106,7374545,0.5,10
reachfim_interval,10290106,7374563,0.5,10
reachfim_interval,10290106,7374539,0.5,10
reachfim_interval,10290106,7374501,0.5,10
reachfim_interval,10290106,7374431,0.5,10
reachfim_interval,10290106,7374299,0.5,10
reachfim_interval,10290106,7374461,0.5,10
reachfim_interval,10290106,7374339,0.5,10
reachfim_interval,10290106,7374439,0.5,10
reachfim_interval,10290106,7374389,0.5,10
reachfim_interval,10290106,7374391,0.5,10
reachfim_interval,10290106,7374441,0.5,10
reachfim_interval,10290106,7374683,0.5,10
reachfim_interval,10290106,7374841,0.5,10
reachfim_interval,10290106,7374897,0.5,10
reachfim_interval,10290106,7374883,0.5,10
reachfim_interval,10290106,7374993,0.5,10
reachfim_interval,10290106,7374899,0.5,10
reachfim_interval,10290106,7375087,0.5,10
reachfim_interval,10290106,7375121,0.5,10
reachfim_interval,10290106,7375269,0.5,10
reachfim_interval,10290106,7375367,0.5,10
reachfim_interval,10290106,7375275,0.5,10
reachfim_interval,10290106,7375405,0.5,10
reachfim_interval,10290106,7375493,0.5,10
reachfim_interval,10290106,7375527,0.5,10
reachfim_interval,10290106,7375577,0.5,10
reachfim_interval,10290106,7375629,0.5,10
reachfim_interval,10290106,7375691,0.5,10
reachfim_interval,10290106,7375701,0.5,10
reachfim_interval,10290106,7375727,0.5,10
reachfim_interval,10290106,7375473,0.5,10
reachfim_interval,10290106,7375649,0.5,10
reachfim_interval,10290106,7375561,0.5,10
reachfim_interval,10290106,7375667,0.5,10
reachfim_interval,10290106,7375671,0.5,10
reachfim_interval,10290106,7375697,0.5,10
reachfim_interval,10290106,7376313,0.5,10
reachfim_interval,10290106,7376315,0.5,10
reachfim_interval,10290106,7375681,0.5,10
reachfim_interval,10290106,7376317,0.5,10
reachfim_interval,10290106,7375685,0.5,10
reachfim_interval,10290106,7376325,0.5,10
reachfim_interval,10290106,7375637,0.5,10
reachfim_interval,10290106,7376461,0.5,10
reachfim_interval,10290106,7376459,0.5,10
reachfim_interval,10290106,7375601,0.5,10
reachfim_interval,10290106,7376319,0.5,10
reachfim_interval,10290106,7375651,0.5,10
reachfim_interval,10290106,7375679,0.5,10
reachfim_interval,10290106,7375689,0.5,10
reachfim_interval,10290106,7376321,0.5,10
reachfim_interval,10290106,7376323,0.5,10
reachfim_interval,10290106,7375659,0.5,10
reachfim_interval,10290106,7375587,0.5,10
reachfim_interval,10290106,7375573,0.5,10
reachfim_interval,10290106,7375551,0.5,10
reachfim_interval,10290106,7375533,0.5,10
reachfim_interval,10290106,7376257,0.5,10
reachfim_interval,10290106,7376251,0.5,10
reachfim_interval,10290106,7375501,0.5,10
reachfim_interval,10290106,7375491,0.5,10
reachfim_interval,10290106,7375355,0.5,10
reachfim_interval,10290106,7375343,0.5,10
reachfim_interval,10290106,7375339,0.5,10
reachfim_interval,10290106,7376235,0.5,10
reachfim_interval,10290106,7375337,0.5,10
reachfim_interval,10290106,7375203,0.5,10
reachfim_interval,10290106,7375251,0.5,10
reachfim_interval,10290106,7375363,0.5,10
reachfim_interval,10290106,7375441,0.5,10
reachfim_interval,10290106,7375263,0.5,10
reachfim_interval,10290106,7375507,0.5,10
reachfim_interval,10290106,7375477,0.5,10
reachfim_interval,10290106,7375511,0.5,10
reachfim_interval,10290106,7375459,0.5,10
reachfim_interval,10290106,7375451,0.5,10
reachfim_interval,10290106,7375185,0.5,10
reachfim_interval,10290106,7375157,0.5,10
reachfim_interval,10290106,7375159,0.5,10
reachfim_interval,10290106,7375123,0.5,10
reachfim_interval,10290106,7376439,0.5,10
reachfim_interval,10290106,7375169,0.5,10
reachfim_interval,10290106,7375149,0.5,10
reachfim_interval,10290106,7376223,0.5,10
reachfim_interval,10290106,7375139,0.5,10
reachfim_interval,10290106,7375225,0.5,10
reachfim_interval,10290106,7375397,0.5,10
reachfim_interval,10290106,7375389,0.5,10
reachfim_interval,10290106,7375333,0.5,10
reachfim_interval,10290106,7375243,0.5,10
reachfim_interval,10290106,7375213,0.5,10
reachfim_interval,10290106,7375215,0.5,10
reachfim_interval,10290106,7375137,0.5,10
reachfim_interval,10290106,7374891,0.5,10
reachfim_interval,10290106,7375055,0.5,10
reachfim_interval,10290106,7374987,0.5,10
reachfim_interval,10290106,7374931,0.5,10
reachfim_interval,10290106,7374867,0.5,10
reachfim_interval,10290106,7374861,0.5,10
reachfim_interval,10290106,7374857,0.5,10
reachfim_interval,10290106,7374837,0.5,10
reachfim_interval,10290106,7374711,0.5,10
reachfim_interval,10290106,7374623,0.5,10
reachfim_interval,10290106,7374677,0.5,10
reachfim_interval,10290106,7374469,0.5,10
reachfim_interval,10290106,7376205,0.5,10
reachfim_interval,10290106,7374703,0.5,10
reachfim_interval,10290106,7374675,0.5,10
reachfim_interval,10290106,7374761,0.5,10
reachfim_interval,10290106,7374953,0.5,10
reachfim_interval,10290106,7374937,0.5,10
reachfim_interval,10290106,7375027,0.5,10
reachfim_interval,10290106,7376213,0.5,10
reachfim_interval,10290106,7374813,0.5,10
reachfim_interval,10290106,7374743,0.5,10
reachfim_interval,10290106,7374697,0.5,10
reachfim_interval,10290106,7374693,0.5,10
reachfim_interval,10290106,7374691,0.5,10
reachfim_interval,10290106,7374713,0.5,10
reachfim_interval,10290106,7374757,0.5,10
reachfim_interval,10290106,7374775,0.5,10
reachfim_interval,10290106,7374835,0.5,10
reachfim_interval,10290106,7374911,0.5,10
reachfim_interval,10290106,7374839,0.5,10
reachfim_interval,10290106,7374859,0.5,10
reachfim_interval,10290106,7376207,0.5,10
reachfim_interval,10290106,7376201,0.5,10
reachfim_interval,10290106,7374583,0.5,10
reachfim_interval,10290106,7374571,0.5,10
reachfim_interval,10290106,7374575,0.5,10
reachfim_interval,10290106,7374559,0.5,10
reachfim_interval,10290106,7374555,0.5,10
reachfim_interval,10290106,7374541,0.5,10
reachfim_interval,10290106,7374503,0.5,10
reachfim_interval,10290106,7374367,0.5,10
reachfim_interval,10290106,7374289,0.5,10
reachfim_interval,10290106,7374371,0.5,10
reachfim_interval,10290106,7374373,0.5,10
reachfim_interval,10290106,7374335,0.5,10
reachfim_interval,10290106,7374321,0.5,10
reachfim_interval,10290106,7374343,0.5,10
reachfim_interval,10290106,7374329,0.5,10
reachfim_interval,10290106,7374353,0.5,10
reachfim_interval,10290106,7374347,0.5,10
reachfim_interval,10290106,7374325,0.5,10
reachfim_interval,10290106,7374219,0.5,10
reachfim_interval,10290106,7374177,0.5,10
reachfim_interval,10290106,7374175,0.5,10
reachfim_interval,10290106,7374223,0.5,10
reachfim_interval,10290106,7374179,0.5,10
reachfim_interval,10290106,7374181,0.5,10
reachfim_interval,10290106,7374217,0.5,10
reachfim_interval,10290106,7374115,0.5,10
reachfim_interval,10290106,7374129,0.5,10
reachfim_interval,10290106,7374167,0.5,10
reachfim_interval,10290106,7374155,0.5,10
reachfim_interval,10290106,7374149,0.5,10
reachfim_interval,10290106,7374131,0.5,10
reachfim_interval,10290106,7374127,0.5,10
reachfim_interval,10290106,7374113,0.5,10
reachfim_interval,10290106,7374089,0.5,10
reachfim_interval,10290106,7374039,0.5,10
reachfim_interval,10290106,7374055,0.5,10
reachfim_interval,10290106,7372831,0.5,10
reachfim_interval,10290106,7372833,0.5,10
reachfim_interval,10290106,7374051,0.5,10
reachfim_interval,10290106,7374057,0.5,10
reachfim_interval,10290106,7372835,0.5,10
reachfim_interval,10290106,7374069,0.5,10
reachfim_interval,10290106,7372837,0.5,10
reachfim_interval,10290106,7372785,0.5,10
reachfim_interval,10290106,7374005,0.5,10
reachfim_interval,10290106,7372839,0.5,10
reachfim_interval,10290106,7374091,0.5,10
reachfim_interval,10290106,7374085,0.5,10
reachfim_interval,10290106,7374081,0.5,10
reachfim_interval,10290106,7372711,0.5,10
reachfim_interval,10290106,7372639,0.5,10
reachfim_interval,10290106,7372641,0.5,10
reachfim_interval,10290106,7372763,0.5,10
reachfim_interval,10290106,7372699,0.5,10
reachfim_interval,10290106,7372975,0.5,10
reachfim_interval,10290106,7372651,0.5,10
reachfim_interval,10290106,7372701,0.5,10
reachfim_interval,10290106,7372751,0.5,10
reachfim_interval,10290106,7372761,0.5,10
reachfim_interval,10290106,7372781,0.5,10
reachfim_interval,10290106,7372789,0.5,10
reachfim_interval,10290106,7372811,0.5,10
reachfim_interval,10290106,7376189,0.5,10
reachfim_interval,10290106,7374067,0.5,10
reachfim_interval,10290106,7374075,0.5,10
reachfim_interval,10290106,7374065,0.5,10
reachfim_interval,10290106,7374201,0.5,10
reachfim_interval,10290106,7374413,0.5,10
reachfim_interval,10290106,7374651,0.5,10
reachfim_interval,10290106,7374781,0.5,10
reachfim_interval,10290106,7374921,0.5,10
reachfim_interval,10290106,7374673,0.5,10
reachfim_interval,10290106,7374825,0.5,10
reachfim_interval,10290106,7374923,0.5,10
reachfim_interval,10290106,7375023,0.5,10
reachfim_interval,10290106,7375059,0.5,10
reachfim_interval,10290106,7375093,0.5,10
reachfim_interval,10290106,7375177,0.5,10
reachfim_interval,10290106,7375289,0.5,10
reachfim_interval,10290106,7375175,0.5,10
reachfim_interval,10290106,7375179,0.5,10
reachfim_interval,10290106,7375287,0.5,10
reachfim_interval,10290106,7375373,0.5,10
reachfim_interval,10290106,7375435,0.5,10
reachfim_interval,10290106,7375379,0.5,10
reachfim_interval,10290106,7375567,0.5,10
reachfim_interval,10290106,7375565,0.5,10
reachfim_interval,10290106,7375571,0.5,10
reachfim_interval,10290106,7375559,0.5,10
reachfim_interval,10290106,7375617,0.5,10
reachfim_interval,10290106,7375687,0.5,10
reachfim_interval,10290106,7376283,0.5,10
reachfim_interval,10290106,7376287,0.5,10
reachfim_interval,10290106,7376289,0.5,10
reachfim_interval,10290106,7375779,0.5,10
reachfim_interval,10290106,7375845,0.5,10
reachfim_interval,10290106,7375841,0.5,10
reachfim_interval,10290106,7375755,0.5,10
reachfim_interval,10290106,7375809,0.5,10
reachfim_interval,10290106,7375873,0.5,10
reachfim_interval,10290106,7375875,0.5,10
reachfim_interval,10290106,7375881,0.5,10
reachfim_interval,10290106,7375917,0.5,10
reachfim_interval,10290106,7375959,0.5,10
reachfim_interval,10290106,7375979,0.5,10
reachfim_interval,10290106,7376035,0.5,10
reachfim_interval,10290106,7376103,0.5,10
reachfim_interval,10290106,7376083,0.5,10
reachfim_interval,10290106,7375977,0.5,10
reachfim_interval,10290106,7375999,0.5,10
reachfim_interval,10290106,7376037,0.5,10
reachfim_interval,10290106,7376013,0.5,10
reachfim_interval,10290106,7376059,0.5,10
reachfim_interval,10290106,7376023,0.5,10
reachfim_interval,10290106,7376043,0.5,10
reachfim_interval,10290106,7376061,0.5,10
reachfim_interval,10290106,7376007,0.5,10
reachfim_interval,10290106,7375953,0.5,10
reachfim_interval,10290106,7375937,0.5,10
reachfim_interval,10290106,7375995,0.5,10
reachfim_interval,10290106,7375955,0.5,10
reachfim_interval,10290106,7375983,0.5,10
reachfim_interval,10290106,7376003,0.5,10
reachfim_interval,10290106,7375971,0.5,10
reachfim_interval,10290106,7375935,0.5,10
reachfim_interval,10290106,7375925,0.5,10
reachfim_interval,10290106,7375913,0.5,10
reachfim_interval,10290106,7375911,0.5,10
reachfim_interval,10290106,7376333,0.5,10
reachfim_interval,10290106,7375827,0.5,10
reachfim_interval,10290106,7375821,0.5,10
reachfim_interval,10290106,7375853,0.5,10
reachfim_interval,10290106,7375825,0.5,10
reachfim_interval,10290106,7375823,0.5,10
reachfim_interval,10290106,7375817,0.5,10
reachfim_interval,10290106,7376327,0.5,10
reachfim_interval,10290106,7376489,0.5,10
reachfim_interval,10290106,7375767,0.5,10
reachfim_interval,10290106,7375741,0.5,10
reachfim_interval,10290106,7376299,0.5,10
reachfim_interval,10290106,7376301,0.5,10
reachfim_interval,10290106,7376297,0.5,10
reachfim_interval,10290106,7376295,0.5,10
reachfim_interval,10290106,7375655,0.5,10
reachfim_interval,10290106,7375593,0.5,10
reachfim_interval,10290106,7375599,0.5,10
reachfim_interval,10290106,7376247,0.5,10
reachfim_interval,10290106,7375455,0.5,10
reachfim_interval,10290106,7375597,0.5,10
reachfim_interval,10290106,7375427,0.5,10
reachfim_interval,10290106,7375009,0.5,10
reachfim_interval,10290106,7375061,0.5,10
reachfim_interval,10290106,7375099,0.5,10
reachfim_interval,10290106,7375197,0.5,10
reachfim_interval,10290106,7376441,0.5,10
reachfim_interval,10290106,7375067,0.5,10
reachfim_interval,10290106,7375011,0.5,10
reachfim_interval,10290106,7374995,0.5,10
reachfim_interval,10290106,7375015,0.5,10
reachfim_interval,10290106,7375281,0.5,10
reachfim_interval,10290106,7375155,0.5,10
reachfim_interval,10290106,7375387,0.5,10
reachfim_interval,10290106,7375525,0.5,10
reachfim_interval,10290106,7376239,0.5,10
reachfim_interval,10290106,7375575,0.5,10
reachfim_interval,10290106,7375465,0.5,10
reachfim_interval,10290106,7375699,0.5,10
reachfim_interval,10290106,7375545,0.5,10
reachfim_interval,10290106,7375623,0.5,10
reachfim_interval,10290106,7376303,0.5,10
reachfim_interval,10290106,7375505,0.5,10
reachfim_interval,10290106,7375509,0.5,10
reachfim_interval,10290106,7375537,0.5,10
reachfim_interval,10290106,7375645,0.5,10
reachfim_interval,10290106,7376463,0.5,10
reachfim_interval,10290106,7375693,0.5,10
reachfim_interval,10290106,7375723,0.5,10
reachfim_interval,10290106,7376305,0.5,10
reachfim_interval,10290106,7375695,0.5,10
reachfim_interval,10290106,7376465,0.5,10
reachfim_interval,10290106,7376469,0.5,10
reachfim_interval,10290106,7376467,0.5,10
reachfim_interval,10290106,7375519,0.5,10
reachfim_interval,10290106,7375535,0.5,10
reachfim_interval,10290106,7375553,0.5,10
reachfim_interval,10290106,7376307,0.5,10
reachfim_interval,10290106,7375609,0.5,10
reachfim_interval,10290106,7375487,0.5,10
reachfim_interval,10290106,7376243,0.5,10
reachfim_interval,10290106,7375411,0.5,10
reachfim_interval,10290106,7376455,0.5,10
reachfim_interval,10290106,7376457,0.5,10
reachfim_interval,10290106,7375277,0.5,10
reachfim_interval,10290106,7375299,0.5,10
reachfim_interval,10290106,7375127,0.5,10
reachfim_interval,10290106,7375089,0.5,10
reachfim_interval,10290106,7376227,0.5,10
reachfim_interval,10290106,7376225,0.5,10
reachfim_interval,10290106,7374975,0.5,10
reachfim_interval,10290106,7374991,0.5,10
reachfim_interval,10290106,7374971,0.5,10
reachfim_interval,10290106,7374969,0.5,10
reachfim_interval,10290106,7376219,0.5,10
reachfim_interval,10290106,7374973,0.5,10
reachfim_interval,10290106,7374941,0.5,10
reachfim_interval,10290106,7374875,0.5,10
reachfim_interval,10290106,7374767,0.5,10
reachfim_interval,10290106,7374729,0.5,10
reachfim_interval,10290106,7374917,0.5,10
reachfim_interval,10290106,7374847,0.5,10
reachfim_interval,10290106,7374797,0.5,10
reachfim_interval,10290106,7374631,0.5,10
reachfim_interval,10290106,7374771,0.5,10
reachfim_interval,10290106,7374717,0.5,10
reachfim_interval,10290106,7374655,0.5,10
reachfim_interval,10290106,7374635,0.5,10
reachfim_interval,10290106,7374573,0.5,10
reachfim_interval,10290106,7374471,0.5,10
reachfim_interval,10290106,7374497,0.5,10
reachfim_interval,10290106,7374525,0.5,10
reachfim_interval,10290106,7374443,0.5,10
reachfim_interval,10290106,7374271,0.5,10
reachfim_interval,10290106,7374337,0.5,10
reachfim_interval,10290106,7374291,0.5,10
reachfim_interval,10290106,7374277,0.5,10
reachfim_interval,10290106,7374279,0.5,10
reachfim_interval,10290106,7374235,0.5,10
reachfim_interval,10290106,7374163,0.5,10
reachfim_interval,10290106,7374165,0.5,10
reachfim_interval,10290106,7374209,0.5,10
reachfim_interval,10290106,7374385,0.5,10
reachfim_interval,10290106,7374309,0.5,10
reachfim_interval,10290106,7374097,0.5,10
reachfim_interval,10290106,7374361,0.5,10
reachfim_interval,10290106,7374151,0.5,10
reachfim_interval,10290106,7372667,0.5,10
reachfim_interval,10290106,7372695,0.5,10
reachfim_interval,10290106,7373981,0.5,10
reachfim_interval,10290106,7372845,0.5,10
reachfim_interval,10290106,7372847,0.5,10
reachfim_interval,10290106,7373991,0.5,10
reachfim_interval,10290106,7373257,0.5,10
reachfim_interval,10290106,7372665,0.5,10
reachfim_interval,10290106,7374241,0.5,10
reachfim_interval,10290106,7374255,0.5,10
reachfim_interval,10290106,7374247,0.5,10
reachfim_interval,10290106,7374267,0.5,10
reachfim_interval,10290106,7374231,0.5,10
reachfim_interval,10290106,7375673,0.5,10
reachfim_interval,10290106,7375635,0.5,10
reachfim_interval,10290106,7374263,0.5,10
reachfim_interval,10290106,7375633,0.5,10
reachfim_interval,10290106,7374687,0.5,10
reachfim_interval,10290106,7374225,0.5,10
reachfim_interval,10290106,7376493,0.5,10
reachfim_interval,10290106,7373987,0.5,10
reachfim_interval,10290106,7373983,0.5,10
reachfim_interval,10290106,7372843,0.5,10
reachfim_interval,10290106,7372841,0.5,10
reachfim_interval,10290106,7372689,0.5,10
reachfim_interval,10290106,7376453,0.5,10
reachfim_interval,10290106,7376451,0.5,10
reachfim_interval,10290106,7376449,0.5,10
reachfim_interval,10290106,7376443,0.5,10
reachfim_interval,10290106,7376447,0.5,10
reachfim_interval,10290106,7376445,0.5,10
reachfim_interval,10290106,7376401,0.5,10
reachfim_interval,10290106,7376399,0.5,10
reachfim_interval,10290106,7376397,0.5,10
reachfim_interval,10290106,7376395,0.5,10
reachfim_interval,10290106,7376393,0.5,10
reachfim_interval,10290106,7376391,0.5,10
reachfim_interval,10290106,7376389,0.5,10
reachfim_interval,10290106,7376385,0.5,10
reachfim_interval,10290106,7376499,0.5,10
reachfim_interval,10290106,7376515,0.5,10
reachfim_interval,10290106,7376513,0.5,10
reachfim_interval,10290106,7376511,0.5,10
reachfim_interval,10290106,7376509,0.5,10
reachfim_interval,10290106,7376507,0.5,10
reachfim_interval,10290106,7376505,0.5,10
reachfim_interval,10290106,7376503,0.5,10
reachfim_interval,10290106,7376501,0.5,10
reachfim_interval,10290107,7388585,0.5,10
reachfim_interval,10290107,7388609,0.5,10
reachfim_interval,10290107,7388629,0.5,10
reachfim_interval,10290107,7388627,0.5,10
reachfim_interval,10290107,7388625,0.5,10
reachfim_interval,10290107,7389627,0.5,10
reachfim_interval,10290107,7388641,0.5,10
reachfim_interval,10290107,7389635,0.5,10
reachfim_interval,10290107,7389651,0.5,10
reachfim_interval,10290107,7390077,0.5,10
reachfim_interval,10290107,7389665,0.5,10
reachfim_interval,10290107,7389715,0.5,10
reachfim_interval,10290107,7389717,0.5,10
reachfim_interval,10290107,7389721,0.5,10
reachfim_interval,10290107,7389759,0.5,10
reachfim_interval,10290107,7389767,0.5,10
reachfim_interval,10290107,7389773,0.5,10
reachfim_interval,10290107,7389775,0.5,10
reachfim_interval,10290107,7389807,0.5,10
reachfim_interval,10290107,7389821,0.5,10
reachfim_interval,10290107,7389845,0.5,10
reachfim_interval,10290107,7389851,0.5,10
reachfim_interval,10290107,7389853,0.5,10
reachfim_interval,10290107,7389881,0.5,10
reachfim_interval,10290107,7389887,0.5,10
reachfim_interval,10290107,7389891,0.5,10
reachfim_interval,10290107,7389917,0.5,10
reachfim_interval,10290107,7389915,0.5,10
reachfim_interval,10290107,7389913,0.5,10
reachfim_interval,10290107,7389943,0.5,10
reachfim_interval,10290107,7389979,0.5,10
reachfim_interval,10290107,7389741,0.5,10
reachfim_interval,10290107,7389735,0.5,10
reachfim_interval,10290107,7389755,0.5,10
reachfim_interval,10290107,7389749,0.5,10
reachfim_interval,10290107,7389731,0.5,10
reachfim_interval,10290107,7389761,0.5,10
reachfim_interval,10290107,7389779,0.5,10
reachfim_interval,10290107,7389777,0.5,10
reachfim_interval,10290107,7389785,0.5,10
reachfim_interval,10290107,7389789,0.5,10
reachfim_interval,10290107,7389805,0.5,10
reachfim_interval,10290107,7389833,0.5,10
reachfim_interval,10290107,7389843,0.5,10
reachfim_interval,10290107,7389849,0.5,10
reachfim_interval,10290107,7389855,0.5,10
reachfim_interval,10290107,7389867,0.5,10
reachfim_interval,10290107,7389877,0.5,10
reachfim_interval,10290107,7389883,0.5,10
reachfim_interval,10290107,7389889,0.5,10
reachfim_interval,10290107,7389905,0.5,10
reachfim_interval,10290107,7389931,0.5,10
reachfim_interval,10290107,7389951,0.5,10
reachfim_interval,10290107,7389959,0.5,10
reachfim_interval,10290107,7389953,0.5,10
reachfim_interval,10290107,7389955,0.5,10
reachfim_interval,10290107,7389971,0.5,10
reachfim_interval,10290107,7389975,0.5,10
reachfim_interval,10290107,7389985,0.5,10
reachfim_interval,10290107,7389233,0.5,10
reachfim_interval,10290107,7389235,0.5,10
reachfim_interval,10290107,7389237,0.5,10
reachfim_interval,10290107,7389231,0.5,10
reachfim_interval,10290107,7389225,0.5,10
reachfim_interval,10290107,7389221,0.5,10
reachfim_interval,10290107,7389671,0.5,10
reachfim_interval,10290107,7389673,0.5,10
reachfim_interval,10290107,7389683,0.5,10
reachfim_interval,10290107,7389687,0.5,10
reachfim_interval,10290107,7389693,0.5,10
reachfim_interval,10290107,7389697,0.5,10
reachfim_interval,10290107,7389703,0.5,10
reachfim_interval,10290107,7389691,0.5,10
reachfim_interval,10290107,7389933,0.5,10
reachfim_interval,10290107,7389921,0.5,10
reachfim_interval,10290107,7389901,0.5,10
reachfim_interval,10290107,7389907,0.5,10
reachfim_interval,10290107,7390105,0.5,10
reachfim_interval,10290107,7389925,0.5,10
reachfim_interval,10290107,7389197,0.5,10
reachfim_interval,10290107,7389195,0.5,10
reachfim_interval,10290107,7389823,0.5,10
reachfim_interval,10290107,7389837,0.5,10
reachfim_interval,10290107,7389839,0.5,10
reachfim_interval,10290107,7389957,0.5,10
reachfim_interval,10290107,7389969,0.5,10
reachfim_interval,10290107,7389977,0.5,10
reachfim_interval,10290107,7389987,0.5,10
reachfim_interval,10290107,7389993,0.5,10
reachfim_interval,10290107,7388581,0.5,10
reachfim_interval,10290107,7388587,0.5,10
reachfim_interval,10290107,7388603,0.5,10
reachfim_interval,10290107,7388583,0.5,10
reachfim_interval,10290107,7388633,0.5,10
reachfim_interval,10290107,7388639,0.5,10
reachfim_interval,10290107,7389629,0.5,10
reachfim_interval,10290107,7390103,0.5,10
reachfim_interval,10290107,7389639,0.5,10
reachfim_interval,10290107,7389641,0.5,10
reachfim_interval,10290107,7389657,0.5,10
reachfim_interval,10290107,7388635,0.5,10
reachfim_interval,10290107,7389637,0.5,10
reachfim_interval,10290107,7388637,0.5,10
reachfim_interval,10290107,7389643,0.5,10
reachfim_interval,10290107,7389655,0.5,10
reachfim_interval,10290107,7389659,0.5,10
reachfim_interval,10290107,7389699,0.5,10
reachfim_interval,10290107,7389679,0.5,10
reachfim_interval,10290107,7389713,0.5,10
reachfim_interval,10290107,7389705,0.5,10
reachfim_interval,10290107,7389663,0.5,10
reachfim_interval,10290107,7389719,0.5,10
reachfim_interval,10290107,7389701,0.5,10
reachfim_interval,10290107,7389707,0.5,10
reachfim_interval,10290107,7389675,0.5,10
reachfim_interval,10290107,7389677,0.5,10
reachfim_interval,10290107,7390079,0.5,10
reachfim_interval,10290107,7390097,0.5,10
reachfim_interval,10290107,7389747,0.5,10
reachfim_interval,10290107,7390081,0.5,10
reachfim_interval,10290107,7389771,0.5,10
reachfim_interval,10290107,7389801,0.5,10
reachfim_interval,10290107,7389799,0.5,10
reachfim_interval,10290107,7389817,0.5,10
reachfim_interval,10290107,7389811,0.5,10
reachfim_interval,10290107,7389827,0.5,10
reachfim_interval,10290107,7389869,0.5,10
reachfim_interval,10290107,7389923,0.5,10
reachfim_interval,10290107,7389927,0.5,10
reachfim_interval,10290107,7389945,0.5,10
reachfim_interval,10290107,7389941,0.5,10
reachfim_interval,10290107,7389935,0.5,10
reachfim_interval,10290107,7389967,0.5,10
reachfim_interval,10290107,7389911,0.5,10
reachfim_interval,10290107,7389885,0.5,10
reachfim_interval,10290107,7389871,0.5,10
reachfim_interval,10290107,7389813,0.5,10
reachfim_interval,10290107,7389819,0.5,10
reachfim_interval,10290107,7389863,0.5,10
reachfim_interval,10290107,7389769,0.5,10
reachfim_interval,10290107,7389787,0.5,10
reachfim_interval,10290107,7390099,0.5,10
reachfim_interval,10290107,7389809,0.5,10
reachfim_interval,10290107,7389831,0.5,10
reachfim_interval,10290107,7389835,0.5,10
reachfim_interval,10290107,7389865,0.5,10
reachfim_interval,10290107,7389903,0.5,10
reachfim_interval,10290107,7389897,0.5,10
reachfim_interval,10290107,7389929,0.5,10
reachfim_interval,10290107,7390083,0.5,10
reachfim_interval,10290107,7389963,0.5,10
reachfim_interval,10290107,7390085,0.5,10
reachfim_interval,10290107,7389949,0.5,10
reachfim_interval,10290107,7389939,0.5,10
reachfim_interval,10290107,7389937,0.5,10
reachfim_interval,10290107,7389981,0.5,10
reachfim_interval,10290107,7389991,0.5,10
reachfim_interval,10290107,7390091,0.5,10
reachfim_interval,10290107,7390013,0.5,10
reachfim_interval,10290107,7390093,0.5,10
reachfim_interval,10290107,7390015,0.5,10
reachfim_interval,10290107,7390005,0.5,10
reachfim_interval,10290107,7389995,0.5,10
reachfim_interval,10290107,7390011,0.5,10
reachfim_interval,10290107,7390003,0.5,10
reachfim_interval,10290107,7389997,0.5,10
reachfim_interval,10290107,7389965,0.5,10
reachfim_interval,10290107,7389983,0.5,10
reachfim_interval,10290107,7389999,0.5,10
reachfim_interval,10290107,7389989,0.5,10
reachfim_interval,10290107,7389241,0.5,10
reachfim_interval,10290107,7389239,0.5,10
reachfim_interval,10290107,7389215,0.5,10
reachfim_interval,10290107,7389305,0.5,10
reachfim_interval,10290107,7389217,0.5,10
reachfim_interval,10290107,7389227,0.5,10
reachfim_interval,10290107,7389201,0.5,10
reachfim_interval,10290107,7389301,0.5,10
reachfim_interval,10290107,7389229,0.5,10
reachfim_interval,10290107,7389223,0.5,10
reachfim_interval,10290107,7389973,0.5,10
reachfim_interval,10290107,7389961,0.5,10
reachfim_interval,10290107,7389205,0.5,10
reachfim_interval,10290107,7389947,0.5,10
reachfim_interval,10290107,7389213,0.5,10
reachfim_interval,10290107,7389203,0.5,10
reachfim_interval,10290107,7389307,0.5,10
reachfim_interval,10290107,7389199,0.5,10
reachfim_interval,10290107,7389909,0.5,10
reachfim_interval,10290107,7389193,0.5,10
reachfim_interval,10290107,7389899,0.5,10
reachfim_interval,10290107,7389191,0.5,10
reachfim_interval,10290107,7389893,0.5,10
reachfim_interval,10290107,7389919,0.5,10
reachfim_interval,10290107,7389861,0.5,10
reachfim_interval,10290107,7389859,0.5,10
reachfim_interval,10290107,7389895,0.5,10
reachfim_interval,10290107,7389875,0.5,10
reachfim_interval,10290107,7389879,0.5,10
reachfim_interval,10290107,7389873,0.5,10
reachfim_interval,10290107,7389857,0.5,10
reachfim_interval,10290107,7389841,0.5,10
reachfim_interval,10290107,7389847,0.5,10
reachfim_interval,10290107,7389829,0.5,10
reachfim_interval,10290107,7389795,0.5,10
reachfim_interval,10290107,7389793,0.5,10
reachfim_interval,10290107,7389797,0.5,10
reachfim_interval,10290107,7389815,0.5,10
reachfim_interval,10290107,7389825,0.5,10
reachfim_interval,10290107,7389803,0.5,10
reachfim_interval,10290107,7389791,0.5,10
reachfim_interval,10290107,7389763,0.5,10
reachfim_interval,10290107,7389765,0.5,10
reachfim_interval,10290107,7389781,0.5,10
reachfim_interval,10290107,7389783,0.5,10
reachfim_interval,10290107,7389753,0.5,10
reachfim_interval,10290107,7389739,0.5,10
reachfim_interval,10290107,7389737,0.5,10
reachfim_interval,10290107,7389751,0.5,10
reachfim_interval,10290107,7389745,0.5,10
reachfim_interval,10290107,7389757,0.5,10
reachfim_interval,10290107,7389743,0.5,10
reachfim_interval,10290107,7389725,0.5,10
reachfim_interval,10290107,7389723,0.5,10
reachfim_interval,10290107,7389727,0.5,10
reachfim_interval,10290107,7389733,0.5,10
reachfim_interval,10290107,7389729,0.5,10
reachfim_interval,10290107,7389711,0.5,10
reachfim_interval,10290107,7389709,0.5,10
reachfim_interval,10290107,7389689,0.5,10
reachfim_interval,10290107,7389695,0.5,10
reachfim_interval,10290107,7389661,0.5,10
reachfim_interval,10290107,7389685,0.5,10
reachfim_interval,10290107,7389667,0.5,10
reachfim_interval,10290107,7389681,0.5,10
reachfim_interval,10290107,7389649,0.5,10
reachfim_interval,10290107,7388643,0.5,10
reachfim_interval,10290107,7389647,0.5,10
reachfim_interval,10290107,7389645,0.5,10
reachfim_interval,10290107,7389653,0.5,10
reachfim_interval,10290107,7389669,0.5,10
reachfim_interval,10290107,7390101,0.5,10
reachfim_interval,10290107,7389631,0.5,10
reachfim_interval,10290107,7389633,0.5,10
reachfim_interval,10290107,7388623,0.5,10
reachfim_interval,10290107,7388613,0.5,10
reachfim_interval,10290107,7388621,0.5,10
reachfim_interval,10290107,7388591,0.5,10
reachfim_interval,10290107,7389209,0.5,10
reachfim_interval,10290107,7389207,0.5,10
reachfim_interval,10290107,7389211,0.5,10
reachfim_interval,10290107,7389219,0.5,10
reachfim_interval,10290107,7390001,0.5,10
reachfim_interval,10290107,7390087,0.5,10
reachfim_interval,10290107,7390007,0.5,10
reachfim_interval,10290107,7390089,0.5,10
reachfim_interval,10290107,7390009,0.5,10
reachfim_interval,10290107,7390095,0.5,10
reachfim_interval,10290107,7390017,0.5,10
reachfim_interval,11010002,7608735,0.5,10
reachfim_interval,11010002,7608699,0.5,10
reachfim_interval,11010002,7610785,0.5,10
reachfim_interval,11010002,7608669,0.5,10
reachfim_interval,11010002,7608609,0.5,10
reachfim_interval,11010002,7607905,0.5,10
reachfim_interval,11010002,7607871,0.5,10
reachfim_interval,11010002,7607801,0.5,10
reachfim_interval,11010002,7607775,0.5,10
reachfim_interval,11010002,7607747,0.5,10
reachfim_interval,11010002,7607709,0.5,10
reachfim_interval,11010002,7607675,0.5,10
reachfim_interval,11010002,7607653,0.5,10
reachfim_interval,11010002,7607639,0.5,10
reachfim_interval,11010002,7607621,0.5,10
reachfim_interval,11010002,7607607,0.5,10
reachfim_interval,11010002,7607565,0.5,10
reachfim_interval,11010002,7607553,0.5,10
reachfim_interval,11010002,7608069,0.5,10
reachfim_interval,11010002,7607459,0.5,10
reachfim_interval,11010002,7608067,0.5,10
reachfim_interval,11010002,7607437,0.5,10
reachfim_interval,11010002,7607421,0.5,10
reachfim_interval,11010002,7607419,0.5,10
reachfim_interval,11010002,7607405,0.5,10
reachfim_interval,11010002,7607367,0.5,10
reachfim_interval,11010002,7607423,0.5,10
reachfim_interval,11010002,7607395,0.5,10
reachfim_interval,11010002,7607447,0.5,10
reachfim_interval,11010002,7607433,0.5,10
reachfim_interval,11010002,7607431,0.5,10
reachfim_interval,11010002,7607397,0.5,10
reachfim_interval,11010002,7608001,0.5,10
reachfim_interval,11010002,7607387,0.5,10
reachfim_interval,11010002,7607295,0.5,10
reachfim_interval,11010002,7607997,0.5,10
reachfim_interval,11010002,7607217,0.5,10
reachfim_interval,11010002,7607207,0.5,10
reachfim_interval,11010002,7607197,0.5,10
reachfim_interval,11010002,7607199,0.5,10
reachfim_interval,11010002,7607179,0.5,10
reachfim_interval,11010002,7607169,0.5,10
reachfim_interval,11010002,7607103,0.5,10
reachfim_interval,11010002,7607093,0.5,10
reachfim_interval,11010002,7607065,0.5,10
reachfim_interval,11010002,7607075,0.5,10
reachfim_interval,11010002,7607073,0.5,10
reachfim_interval,11010002,7607047,0.5,10
reachfim_interval,11010002,7607051,0.5,10
reachfim_interval,11010002,7607059,0.5,10
reachfim_interval,11010002,7607053,0.5,10
reachfim_interval,11010002,7607019,0.5,10
reachfim_interval,11010002,7607003,0.5,10
reachfim_interval,11010002,7606989,0.5,10
reachfim_interval,11010002,7607025,0.5,10
reachfim_interval,11010002,7607041,0.5,10
reachfim_interval,11010002,7607043,0.5,10
reachfim_interval,11010002,7607083,0.5,10
reachfim_interval,11010002,7607087,0.5,10
reachfim_interval,11010002,7607089,0.5,10
reachfim_interval,11010002,7605911,0.5,10
reachfim_interval,11010002,7605903,0.5,10
reachfim_interval,11010002,7605897,0.5,10
reachfim_interval,11010002,7605885,0.5,10
reachfim_interval,11010002,7605871,0.5,10
reachfim_interval,11010002,7605879,0.5,10
reachfim_interval,11010002,7605863,0.5,10
reachfim_interval,11010002,7605893,0.5,10
reachfim_interval,11010002,7605927,0.5,10
reachfim_interval,11010002,7605947,0.5,10
reachfim_interval,11010002,7605953,0.5,10
reachfim_interval,11010002,7605963,0.5,10
reachfim_interval,11010002,7605979,0.5,10
reachfim_interval,11010002,7605987,0.5,10
reachfim_interval,11010002,7606017,0.5,10
reachfim_interval,11010002,7606981,0.5,10
reachfim_interval,11010002,7606983,0.5,10
reachfim_interval,11010002,7606963,0.5,10
reachfim_interval,11010002,7606937,0.5,10
reachfim_interval,11010002,7606933,0.5,10
reachfim_interval,11010002,7607989,0.5,10
reachfim_interval,11010002,7606929,0.5,10
reachfim_interval,11010002,7606921,0.5,10
reachfim_interval,11010002,7606919,0.5,10
reachfim_interval,11010002,7606909,0.5,10
reachfim_interval,11010002,7605647,0.5,10
reachfim_interval,11010002,7605615,0.5,10
reachfim_interval,11010002,7605629,0.5,10
reachfim_interval,11010002,7605619,0.5,10
reachfim_interval,11010002,7605641,0.5,10
reachfim_interval,11010002,7605639,0.5,10
reachfim_interval,11010002,7605631,0.5,10
reachfim_interval,11010002,7605635,0.5,10
reachfim_interval,11010002,7605633,0.5,10
reachfim_interval,11010002,7605655,0.5,10
reachfim_interval,11010002,7605661,0.5,10
reachfim_interval,11010002,7605667,0.5,10
reachfim_interval,11010002,7605679,0.5,10
reachfim_interval,11010002,7606601,0.5,10
reachfim_interval,11010002,7605683,0.5,10
reachfim_interval,11010002,7605691,0.5,10
reachfim_interval,11010002,7605695,0.5,10
reachfim_interval,11010002,7605725,0.5,10
reachfim_interval,11010002,7605735,0.5,10
reachfim_interval,11010002,7605749,0.5,10
reachfim_interval,11010002,7605767,0.5,10
reachfim_interval,11010002,7605791,0.5,10
reachfim_interval,11010002,7605813,0.5,10
reachfim_interval,11010002,7605835,0.5,10
reachfim_interval,11010002,7605833,0.5,10
reachfim_interval,11010002,7605837,0.5,10
reachfim_interval,11010002,7605853,0.5,10
reachfim_interval,11010002,7605895,0.5,10
reachfim_interval,11010002,7605913,0.5,10
reachfim_interval,11010002,7605915,0.5,10
reachfim_interval,11010002,7605909,0.5,10
reachfim_interval,11010002,7605941,0.5,10
reachfim_interval,11010002,7605937,0.5,10
reachfim_interval,11010002,7605931,0.5,10
reachfim_interval,11010002,7605923,0.5,10
reachfim_interval,11010002,7606613,0.5,10
reachfim_interval,11010002,7605917,0.5,10
reachfim_interval,11010002,7605899,0.5,10
reachfim_interval,11010002,7605887,0.5,10
reachfim_interval,11010002,7607555,0.5,10
reachfim_interval,11010002,7608011,0.5,10
reachfim_interval,11010002,7608007,0.5,10
reachfim_interval,11010002,7607401,0.5,10
reachfim_interval,11010002,7607391,0.5,10
reachfim_interval,11010002,7607361,0.5,10
reachfim_interval,11010002,7607329,0.5,10
reachfim_interval,11010002,7607317,0.5,10
reachfim_interval,11010002,7607291,0.5,10
reachfim_interval,11010002,7607261,0.5,10
reachfim_interval,11010002,7607249,0.5,10
reachfim_interval,11010002,7607235,0.5,10
reachfim_interval,11010002,7607091,0.5,10
reachfim_interval,11010002,7607109,0.5,10
reachfim_interval,11010002,7607097,0.5,10
reachfim_interval,11010002,7607035,0.5,10
reachfim_interval,11010002,7607013,0.5,10
reachfim_interval,11010002,7606969,0.5,10
reachfim_interval,11010002,7606971,0.5,10
reachfim_interval,11010002,7606987,0.5,10
reachfim_interval,11010002,7605797,0.5,10
reachfim_interval,11010002,7606991,0.5,10
reachfim_interval,11010002,7606961,0.5,10
reachfim_interval,11010002,7607981,0.5,10
reachfim_interval,11010002,7606943,0.5,10
reachfim_interval,11010002,7606927,0.5,10
reachfim_interval,11010002,7606913,0.5,10
reachfim_interval,11010002,7605653,0.5,10
reachfim_interval,11010002,7605673,0.5,10
reachfim_interval,11010002,7605675,0.5,10
reachfim_interval,11010002,7606605,0.5,10
reachfim_interval,11010002,7605701,0.5,10
reachfim_interval,11010002,7605707,0.5,10
reachfim_interval,11010002,7605741,0.5,10
reachfim_interval,11010002,7605757,0.5,10
reachfim_interval,11010002,7605779,0.5,10
reachfim_interval,11010002,7605787,0.5,10
reachfim_interval,11010002,7605793,0.5,10
reachfim_interval,11010002,7605799,0.5,10
reachfim_interval,11010002,7605809,0.5,10
reachfim_interval,11010002,7605819,0.5,10
reachfim_interval,11010002,7605825,0.5,10
reachfim_interval,11010002,7605843,0.5,10
reachfim_interval,11010002,7605845,0.5,10
reachfim_interval,11010002,7605933,0.5,10
reachfim_interval,11010002,7607115,0.5,10
reachfim_interval,11010002,7607133,0.5,10
reachfim_interval,11010002,7607163,0.5,10
reachfim_interval,11010002,7607225,0.5,10
reachfim_interval,11010002,7607201,0.5,10
reachfim_interval,11010002,7607231,0.5,10
reachfim_interval,11010002,7606083,0.5,10
reachfim_interval,11010002,7607239,0.5,10
reachfim_interval,11010002,7606091,0.5,10
reachfim_interval,11010002,7606093,0.5,10
reachfim_interval,11010002,7608005,0.5,10
reachfim_interval,11010002,7607441,0.5,10
reachfim_interval,11010002,7607427,0.5,10
reachfim_interval,11010002,7608059,0.5,10
reachfim_interval,11010002,7607345,0.5,10
reachfim_interval,11010002,7607417,0.5,10
reachfim_interval,11010002,7607341,0.5,10
reachfim_interval,11010002,7607625,0.5,10
reachfim_interval,11010002,7607663,0.5,10
reachfim_interval,11010002,7607723,0.5,10
reachfim_interval,11010002,7607759,0.5,10
reachfim_interval,11010002,7607763,0.5,10
reachfim_interval,11010002,7607771,0.5,10
reachfim_interval,11010002,7607791,0.5,10
reachfim_interval,11010002,7607809,0.5,10
reachfim_interval,11010002,7607195,0.5,10
reachfim_interval,11010002,7607185,0.5,10
reachfim_interval,11010002,7607181,0.5,10
reachfim_interval,11010002,7607143,0.5,10
reachfim_interval,11010002,7607105,0.5,10
reachfim_interval,11010002,7607079,0.5,10
reachfim_interval,11010002,7607027,0.5,10
reachfim_interval,11010002,7607005,0.5,10
reachfim_interval,11010002,7606975,0.5,10
reachfim_interval,11010002,7606953,0.5,10
reachfim_interval,11010002,7606949,0.5,10
reachfim_interval,11010002,7606941,0.5,10
reachfim_interval,11010002,7607977,0.5,10
reachfim_interval,11010002,7607111,0.5,10
reachfim_interval,11010002,7607119,0.5,10
reachfim_interval,11010002,7607139,0.5,10
reachfim_interval,11010002,7607155,0.5,10
reachfim_interval,11010002,7607171,0.5,10
reachfim_interval,11010002,7607203,0.5,10
reachfim_interval,11010002,7607241,0.5,10
reachfim_interval,11010002,7607257,0.5,10
reachfim_interval,11010002,7607273,0.5,10
reachfim_interval,11010002,7607271,0.5,10
reachfim_interval,11010002,7607287,0.5,10
reachfim_interval,11010002,7607307,0.5,10
reachfim_interval,11010002,7606109,0.5,10
reachfim_interval,11010002,7607393,0.5,10
reachfim_interval,11010002,7607375,0.5,10
reachfim_interval,11010002,7607369,0.5,10
reachfim_interval,11010002,7607347,0.5,10
reachfim_interval,11010002,7607355,0.5,10
reachfim_interval,11010002,7607233,0.5,10
reachfim_interval,11010002,7607221,0.5,10
reachfim_interval,11010002,7607147,0.5,10
reachfim_interval,11010002,7608035,0.5,10
reachfim_interval,11010002,7607161,0.5,10
reachfim_interval,11010002,7605733,0.5,10
reachfim_interval,11010002,7605729,0.5,10
reachfim_interval,11010002,7605723,0.5,10
reachfim_interval,11010002,7605713,0.5,10
reachfim_interval,11010002,7605711,0.5,10
reachfim_interval,11010002,7605705,0.5,10
reachfim_interval,11010002,7605743,0.5,10
reachfim_interval,11010002,7605751,0.5,10
reachfim_interval,11010002,7607471,0.5,10
reachfim_interval,11010002,7607475,0.5,10
reachfim_interval,11010002,7607467,0.5,10
reachfim_interval,11010002,7607481,0.5,10
reachfim_interval,11010002,7607495,0.5,10
reachfim_interval,11010002,7607485,0.5,10
reachfim_interval,11010002,7607487,0.5,10
reachfim_interval,11010002,7608009,0.5,10
reachfim_interval,11010002,7607501,0.5,10
reachfim_interval,11010002,7607531,0.5,10
reachfim_interval,11010002,7607527,0.5,10
reachfim_interval,11010002,7608013,0.5,10
reachfim_interval,11010002,7607533,0.5,10
reachfim_interval,11010002,7607641,0.5,10
reachfim_interval,11010002,7607541,0.5,10
reachfim_interval,11010002,7607167,0.5,10
reachfim_interval,11010002,7607131,0.5,10
reachfim_interval,11010002,7607141,0.5,10
reachfim_interval,11010002,7607289,0.5,10
reachfim_interval,11010002,7607357,0.5,10
reachfim_interval,11010002,7607351,0.5,10
reachfim_interval,11010002,7607337,0.5,10
reachfim_interval,11010002,7607321,0.5,10
reachfim_interval,11010002,7607259,0.5,10
reachfim_interval,11010002,7607297,0.5,10
reachfim_interval,11010002,7608677,0.5,10
reachfim_interval,11010002,7608607,0.5,10
reachfim_interval,11010002,7607907,0.5,10
reachfim_interval,11010002,7607895,0.5,10
reachfim_interval,11010002,7608581,0.5,10
reachfim_interval,11010002,7607909,0.5,10
reachfim_interval,11010002,7607777,0.5,10
reachfim_interval,11010002,7607799,0.5,10
reachfim_interval,11010002,7607773,0.5,10
reachfim_interval,11010002,7607685,0.5,10
reachfim_interval,11010002,7607657,0.5,10
reachfim_interval,11010002,7607745,0.5,10
reachfim_interval,11010002,7607673,0.5,10
reachfim_interval,11010002,7608021,0.5,10
reachfim_interval,11010002,7607399,0.5,10
reachfim_interval,11010002,7607359,0.5,10
reachfim_interval,11010002,7607325,0.5,10
reachfim_interval,11010002,7607303,0.5,10
reachfim_interval,11010002,7607267,0.5,10
reachfim_interval,11010002,7607243,0.5,10
reachfim_interval,11010002,7607117,0.5,10
reachfim_interval,11010002,7607113,0.5,10
reachfim_interval,11010002,7607055,0.5,10
reachfim_interval,11010002,7607033,0.5,10
reachfim_interval,11010002,7606997,0.5,10
reachfim_interval,11010002,7607031,0.5,10
reachfim_interval,11010002,7606965,0.5,10
reachfim_interval,11010002,7606995,0.5,10
reachfim_interval,11010002,7607293,0.5,10
reachfim_interval,11010002,7607331,0.5,10
reachfim_interval,11010002,7607275,0.5,10
reachfim_interval,11010002,7607309,0.5,10
reachfim_interval,11010002,7607343,0.5,10
reachfim_interval,11010002,7607379,0.5,10
reachfim_interval,11010002,7607473,0.5,10
reachfim_interval,11010002,7607483,0.5,10
reachfim_interval,11010002,7607477,0.5,10
reachfim_interval,11010002,7608003,0.5,10
reachfim_interval,11010002,7607515,0.5,10
reachfim_interval,11010002,7607545,0.5,10
reachfim_interval,11010002,7608019,0.5,10
reachfim_interval,11010002,7607689,0.5,10
reachfim_interval,11010002,7607547,0.5,10
reachfim_interval,11010002,7607559,0.5,10
reachfim_interval,11010002,7607581,0.5,10
reachfim_interval,11010002,7607613,0.5,10
reachfim_interval,11010002,7607633,0.5,10
reachfim_interval,11010002,7607719,0.5,10
reachfim_interval,11010002,7607589,0.5,10
reachfim_interval,11010002,7607707,0.5,10
reachfim_interval,11010002,7607683,0.5,10
reachfim_interval,11010002,7607627,0.5,10
reachfim_interval,11010002,7607593,0.5,10
reachfim_interval,11010002,7607561,0.5,10
reachfim_interval,11010002,7607557,0.5,10
reachfim_interval,11010002,7607551,0.5,10
reachfim_interval,11010002,7607519,0.5,10
reachfim_interval,11010002,7607523,0.5,10
reachfim_interval,11010002,7607563,0.5,10
reachfim_interval,11010002,7607535,0.5,10
reachfim_interval,11010002,7608077,0.5,10
reachfim_interval,11010002,7607435,0.5,10
reachfim_interval,11010002,7607445,0.5,10
reachfim_interval,11010002,7607439,0.5,10
reachfim_interval,11010002,7608063,0.5,10
reachfim_interval,11010002,7607449,0.5,10
reachfim_interval,11010002,7607461,0.5,10
reachfim_interval,11010002,7607517,0.5,10
reachfim_interval,11010002,7607521,0.5,10
reachfim_interval,11010002,7608017,0.5,10
reachfim_interval,11010002,7607503,0.5,10
reachfim_interval,11010002,7607587,0.5,10
reachfim_interval,11010002,7607601,0.5,10
reachfim_interval,11010002,7607605,0.5,10
reachfim_interval,11010002,7608015,0.5,10
reachfim_interval,11010002,7607611,0.5,10
reachfim_interval,11010002,7607549,0.5,10
reachfim_interval,11010002,7607469,0.5,10
reachfim_interval,11010002,7607455,0.5,10
reachfim_interval,11010002,7607409,0.5,10
reachfim_interval,11010002,7607327,0.5,10
reachfim_interval,11010002,7607999,0.5,10
reachfim_interval,11010002,7607305,0.5,10
reachfim_interval,11010002,7607189,0.5,10
reachfim_interval,11010002,7607153,0.5,10
reachfim_interval,11010002,7607187,0.5,10
reachfim_interval,11010002,7607137,0.5,10
reachfim_interval,11010002,7607165,0.5,10
reachfim_interval,11010002,7608041,0.5,10
reachfim_interval,11010002,7608033,0.5,10
reachfim_interval,11010002,7608037,0.5,10
reachfim_interval,11010002,7607299,0.5,10
reachfim_interval,11010002,7607281,0.5,10
reachfim_interval,11010002,7607247,0.5,10
reachfim_interval,11010002,7607177,0.5,10
reachfim_interval,11010002,7607245,0.5,10
reachfim_interval,11010002,7607237,0.5,10
reachfim_interval,11010002,7607211,0.5,10
reachfim_interval,11010002,7607223,0.5,10
reachfim_interval,11010002,7607145,0.5,10
reachfim_interval,11010002,7607127,0.5,10
reachfim_interval,11010002,7607125,0.5,10
reachfim_interval,11010002,7607149,0.5,10
reachfim_interval,11010002,7607159,0.5,10
reachfim_interval,11010002,7607175,0.5,10
reachfim_interval,11010002,7607205,0.5,10
reachfim_interval,11010002,7607209,0.5,10
reachfim_interval,11010002,7608039,0.5,10
reachfim_interval,11010002,7607253,0.5,10
reachfim_interval,11010002,7607269,0.5,10
reachfim_interval,11010002,7607301,0.5,10
reachfim_interval,11010002,7607313,0.5,10
reachfim_interval,11010002,7607333,0.5,10
reachfim_interval,11010002,7607265,0.5,10
reachfim_interval,11010002,7607215,0.5,10
reachfim_interval,11010002,7607255,0.5,10
reachfim_interval,11010002,7607227,0.5,10
reachfim_interval,11010002,7607213,0.5,10
reachfim_interval,11010002,7607157,0.5,10
reachfim_interval,11010002,7607121,0.5,10
reachfim_interval,11010002,7607099,0.5,10
reachfim_interval,11010002,7607129,0.5,10
reachfim_interval,11010002,7607263,0.5,10
reachfim_interval,11010002,7606105,0.5,10
reachfim_interval,11010002,7606085,0.5,10
reachfim_interval,11010002,7606045,0.5,10
reachfim_interval,11010002,7607229,0.5,10
reachfim_interval,11010002,7607191,0.5,10
reachfim_interval,11010002,7606023,0.5,10
reachfim_interval,11010002,7606043,0.5,10
reachfim_interval,11010002,7607135,0.5,10
reachfim_interval,11010002,7607123,0.5,10
reachfim_interval,11010002,7605955,0.5,10
reachfim_interval,11010002,7605959,0.5,10
reachfim_interval,11010002,7605975,0.5,10
reachfim_interval,11010002,7606005,0.5,10
reachfim_interval,11010002,7605971,0.5,10
reachfim_interval,11010002,7605977,0.5,10
reachfim_interval,11010002,7606015,0.5,10
reachfim_interval,11010002,7606025,0.5,10
reachfim_interval,11010002,7605993,0.5,10
reachfim_interval,11010002,7606007,0.5,10
reachfim_interval,11010002,7606633,0.5,10
reachfim_interval,11010002,7606019,0.5,10
reachfim_interval,11010002,7606021,0.5,10
reachfim_interval,11010002,7605999,0.5,10
reachfim_interval,11010002,7606001,0.5,10
reachfim_interval,11010002,7605997,0.5,10
reachfim_interval,11010002,7606009,0.5,10
reachfim_interval,11010002,7605961,0.5,10
reachfim_interval,11010002,7605951,0.5,10
reachfim_interval,11010002,7605921,0.5,10
reachfim_interval,11010002,7605891,0.5,10
reachfim_interval,11010002,7605861,0.5,10
reachfim_interval,11010002,7605847,0.5,10
reachfim_interval,11010002,7605849,0.5,10
reachfim_interval,11010002,7605855,0.5,10
reachfim_interval,11010002,7605869,0.5,10
reachfim_interval,11010002,7607085,0.5,10
reachfim_interval,11010002,7605815,0.5,10
reachfim_interval,11010002,7607061,0.5,10
reachfim_interval,11010002,7606637,0.5,10
reachfim_interval,11010002,7607063,0.5,10
reachfim_interval,11010002,7605881,0.5,10
reachfim_interval,11010002,7607039,0.5,10
reachfim_interval,11010002,7607023,0.5,10
reachfim_interval,11010002,7606973,0.5,10
reachfim_interval,11010002,7605765,0.5,10
reachfim_interval,11010002,7606935,0.5,10
reachfim_interval,11010002,7606947,0.5,10
reachfim_interval,11010002,7606957,0.5,10
reachfim_interval,11010002,7605745,0.5,10
reachfim_interval,11010002,7605685,0.5,10
reachfim_interval,11010002,7607991,0.5,10
reachfim_interval,11010002,7605747,0.5,10
reachfim_interval,11010002,7605755,0.5,10
reachfim_interval,11010002,7605761,0.5,10
reachfim_interval,11010002,7605781,0.5,10
reachfim_interval,11010002,7605805,0.5,10
reachfim_interval,11010002,7605775,0.5,10
reachfim_interval,11010002,7605769,0.5,10
reachfim_interval,11010002,7605687,0.5,10
reachfim_interval,11010002,7605719,0.5,10
reachfim_interval,11010002,7605693,0.5,10
reachfim_interval,11010002,7606609,0.5,10
reachfim_interval,11010002,7606923,0.5,10
reachfim_interval,11010002,7605649,0.5,10
reachfim_interval,11010002,7606611,0.5,10
reachfim_interval,11010002,7606607,0.5,10
reachfim_interval,11010002,7605717,0.5,10
reachfim_interval,11010002,7605777,0.5,10
reachfim_interval,11010002,7605771,0.5,10
reachfim_interval,11010002,7605789,0.5,10
reachfim_interval,11010002,7605817,0.5,10
reachfim_interval,11010002,7605857,0.5,10
reachfim_interval,11010002,7605889,0.5,10
reachfim_interval,11010002,7605929,0.5,10
reachfim_interval,11010002,7605867,0.5,10
reachfim_interval,11010002,7605949,0.5,10
reachfim_interval,11010002,7605877,0.5,10
reachfim_interval,11010002,7605827,0.5,10
reachfim_interval,11010002,7605807,0.5,10
reachfim_interval,11010002,7605703,0.5,10
reachfim_interval,11010002,7605699,0.5,10
reachfim_interval,11010002,7605721,0.5,10
reachfim_interval,11010002,7605785,0.5,10
reachfim_interval,11010002,7605727,0.5,10
reachfim_interval,11010002,7605737,0.5,10
reachfim_interval,11010002,7605753,0.5,10
reachfim_interval,11010002,7606603,0.5,10
reachfim_interval,11010002,7605663,0.5,10
reachfim_interval,11010002,7605697,0.5,10
reachfim_interval,11010002,7605773,0.5,10
reachfim_interval,11010002,7605731,0.5,10
reachfim_interval,11010002,7605795,0.5,10
reachfim_interval,11010002,7605821,0.5,10
reachfim_interval,11010002,7605803,0.5,10
reachfim_interval,11010002,7605801,0.5,10
reachfim_interval,11010002,7605829,0.5,10
reachfim_interval,11010002,7605957,0.5,10
reachfim_interval,11010002,7605991,0.5,10
reachfim_interval,11010002,7605841,0.5,10
reachfim_interval,11010002,7605823,0.5,10
reachfim_interval,11010002,7606629,0.5,10
reachfim_interval,11010002,7606631,0.5,10
reachfim_interval,11010002,7605859,0.5,10
reachfim_interval,11010002,7605973,0.5,10
reachfim_interval,11010002,7605865,0.5,10
reachfim_interval,11010002,7605907,0.5,10
reachfim_interval,11010002,7606013,0.5,10
reachfim_interval,11010002,7605935,0.5,10
reachfim_interval,11010002,7605967,0.5,10
reachfim_interval,11010002,7606003,0.5,10
reachfim_interval,11010002,7605943,0.5,10
reachfim_interval,11010002,7605989,0.5,10
reachfim_interval,11010002,7605969,0.5,10
reachfim_interval,11010002,7605995,0.5,10
reachfim_interval,11010002,7605983,0.5,10
reachfim_interval,11010002,7605945,0.5,10
reachfim_interval,11010002,7605981,0.5,10
reachfim_interval,11010002,7605965,0.5,10
reachfim_interval,11010002,7606027,0.5,10
reachfim_interval,11010002,7606011,0.5,10
reachfim_interval,11010002,7606615,0.5,10
reachfim_interval,11010002,7605985,0.5,10
reachfim_interval,11010002,7605883,0.5,10
reachfim_interval,11010002,7605901,0.5,10
reachfim_interval,11010002,7605919,0.5,10
reachfim_interval,11010002,7605925,0.5,10
reachfim_interval,11010002,7605939,0.5,10
reachfim_interval,11010002,7605905,0.5,10
reachfim_interval,11010002,7605851,0.5,10
reachfim_interval,11010002,7605839,0.5,10
reachfim_interval,11010002,7605831,0.5,10
reachfim_interval,11010002,7605811,0.5,10
reachfim_interval,11010002,7605759,0.5,10
reachfim_interval,11010002,7605783,0.5,10
reachfim_interval,11010002,7605763,0.5,10
reachfim_interval,11010002,7605739,0.5,10
reachfim_interval,11010002,7605709,0.5,10
reachfim_interval,11010002,7606593,0.5,10
reachfim_interval,11010002,7605715,0.5,10
reachfim_interval,11010002,7605689,0.5,10
reachfim_interval,11010002,7605681,0.5,10
reachfim_interval,11010002,7606599,0.5,10
reachfim_interval,11010002,7606597,0.5,10
reachfim_interval,11010002,7605669,0.5,10
reachfim_interval,11010002,7605671,0.5,10
reachfim_interval,11010002,7605677,0.5,10
reachfim_interval,11010002,7605665,0.5,10
reachfim_interval,11010002,7605643,0.5,10
reachfim_interval,11010002,7606625,0.5,10
reachfim_interval,11010002,7606627,0.5,10
reachfim_interval,11010002,7605659,0.5,10
reachfim_interval,11010002,7605645,0.5,10
reachfim_interval,11010002,7605651,0.5,10
reachfim_interval,11010002,7605621,0.5,10
reachfim_interval,11010002,7605587,0.5,10
reachfim_interval,11010002,7605623,0.5,10
reachfim_interval,11010002,7605593,0.5,10
reachfim_interval,11010002,7605637,0.5,10
reachfim_interval,11010002,7605611,0.5,10
reachfim_interval,11010002,7605609,0.5,10
reachfim_interval,11010002,7605625,0.5,10
reachfim_interval,11010002,7605595,0.5,10
reachfim_interval,11010002,7605597,0.5,10
reachfim_interval,11010002,7605627,0.5,10
reachfim_interval,11010002,7605607,0.5,10
reachfim_interval,11010002,7605591,0.5,10
reachfim_interval,11010002,7606635,0.5,10
reachfim_interval,11010002,7605589,0.5,10
reachfim_interval,11010002,7605613,0.5,10
reachfim_interval,11010002,7605601,0.5,10
reachfim_interval,11010002,7605585,0.5,10
reachfim_interval,11010002,7605579,0.5,10
reachfim_interval,11010002,7605571,0.5,10
reachfim_interval,11010002,7605567,0.5,10
reachfim_interval,11010002,7605561,0.5,10
reachfim_interval,11010002,7605555,0.5,10
reachfim_interval,11010002,7605553,0.5,10
reachfim_interval,11010002,7605543,0.5,10
reachfim_interval,11010002,7605583,0.5,10
reachfim_interval,11010002,7605577,0.5,10
reachfim_interval,11010002,7605569,0.5,10
reachfim_interval,11010002,7605563,0.5,10
reachfim_interval,11010002,7605575,0.5,10
reachfim_interval,11010002,7605565,0.5,10
reachfim_interval,11010002,7605549,0.5,10
reachfim_interval,11010002,7605547,0.5,10
reachfim_interval,11010002,7605557,0.5,10
reachfim_interval,11010002,7605559,0.5,10
reachfim_interval,11010002,7605573,0.5,10
reachfim_interval,11010002,7605581,0.5,10
reachfim_interval,11010002,7605603,0.5,10
reachfim_interval,11010002,7605599,0.5,10
reachfim_interval,11010002,7605605,0.5,10
reachfim_interval,11010002,7605617,0.5,10
reachfim_interval,11010002,7606907,0.5,10
reachfim_interval,11010002,7606901,0.5,10
reachfim_interval,11010002,7606899,0.5,10
reachfim_interval,11010002,7606917,0.5,10
reachfim_interval,11010002,7606903,0.5,10
reachfim_interval,11010002,7606905,0.5,10
reachfim_interval,11010002,7607995,0.5,10
reachfim_interval,11010002,7606939,0.5,10
reachfim_interval,11010002,7607993,0.5,10
reachfim_interval,11010002,7606931,0.5,10
reachfim_interval,11010002,7607987,0.5,10
reachfim_interval,11010002,7607985,0.5,10
reachfim_interval,11010002,7606979,0.5,10
reachfim_interval,11010002,7606959,0.5,10
reachfim_interval,11010002,7607983,0.5,10
reachfim_interval,11010002,7608065,0.5,10
reachfim_interval,11010002,7606911,0.5,10
reachfim_interval,11010002,7606925,0.5,10
reachfim_interval,11010002,7608029,0.5,10
reachfim_interval,11010002,7606915,0.5,10
reachfim_interval,11010002,7607021,0.5,10
reachfim_interval,11010002,7606993,0.5,10
reachfim_interval,11010002,7608031,0.5,10
reachfim_interval,11010002,7607049,0.5,10
reachfim_interval,11010002,7607037,0.5,10
reachfim_interval,11010002,7607015,0.5,10
reachfim_interval,11010002,7607017,0.5,10
reachfim_interval,11010002,7607045,0.5,10
reachfim_interval,11010002,7607011,0.5,10
reachfim_interval,11010002,7606967,0.5,10
reachfim_interval,11010002,7607067,0.5,10
reachfim_interval,11010002,7607095,0.5,10
reachfim_interval,11010002,7607101,0.5,10
reachfim_interval,11010002,7607069,0.5,10
reachfim_interval,11010002,7607071,0.5,10
reachfim_interval,11010002,7607193,0.5,10
reachfim_interval,11010002,7607173,0.5,10
reachfim_interval,11010002,7607183,0.5,10
reachfim_interval,11010002,7607081,0.5,10
reachfim_interval,11010002,7606951,0.5,10
reachfim_interval,11010002,7606945,0.5,10
reachfim_interval,11010002,7607979,0.5,10
reachfim_interval,11010002,7606955,0.5,10
reachfim_interval,11010002,7606977,0.5,10
reachfim_interval,11010002,7607007,0.5,10
reachfim_interval,11010002,7607029,0.5,10
reachfim_interval,11010002,7607001,0.5,10
reachfim_interval,11010002,7607009,0.5,10
reachfim_interval,11010002,7607077,0.5,10
reachfim_interval,11010002,7607107,0.5,10
reachfim_interval,11010002,7607151,0.5,10
reachfim_interval,11010002,7607219,0.5,10
reachfim_interval,11010002,7607425,0.5,10
reachfim_interval,11010002,7607407,0.5,10
reachfim_interval,11010002,7607443,0.5,10
reachfim_interval,11010002,7607413,0.5,10
reachfim_interval,11010002,7607389,0.5,10
reachfim_interval,11010002,7607311,0.5,10
reachfim_interval,11010002,7607323,0.5,10
reachfim_interval,11010002,7607283,0.5,10
reachfim_interval,11010002,7607279,0.5,10
reachfim_interval,11010002,7607277,0.5,10
reachfim_interval,11010002,7607285,0.5,10
reachfim_interval,11010002,7607339,0.5,10
reachfim_interval,11010002,7607353,0.5,10
reachfim_interval,11010002,7607403,0.5,10
reachfim_interval,11010002,7607377,0.5,10
reachfim_interval,11010002,7607415,0.5,10
reachfim_interval,11010002,7607499,0.5,10
reachfim_interval,11010002,7608079,0.5,10
reachfim_interval,11010002,7607567,0.5,10
reachfim_interval,11010002,7607631,0.5,10
reachfim_interval,11010002,7607659,0.5,10
reachfim_interval,11010002,7607629,0.5,10
reachfim_interval,11010002,7607717,0.5,10
reachfim_interval,11010002,7607779,0.5,10
reachfim_interval,11010002,7607883,0.5,10
reachfim_interval,11010002,7607889,0.5,10
reachfim_interval,11010002,7607859,0.5,10
reachfim_interval,11010002,7607655,0.5,10
reachfim_interval,11010002,7607769,0.5,10
reachfim_interval,11010002,7607873,0.5,10
reachfim_interval,11010002,7607857,0.5,10
reachfim_interval,11010002,7607867,0.5,10
reachfim_interval,11010002,7608675,0.5,10
reachfim_interval,11010002,7608643,0.5,10
reachfim_interval,11010002,7608641,0.5,10
reachfim_interval,11010002,7608621,0.5,10
reachfim_interval,11010002,7608573,0.5,10
reachfim_interval,11010002,7608577,0.5,10
reachfim_interval,11010002,7608601,0.5,10
reachfim_interval,11010002,7608707,0.5,10
reachfim_interval,11010002,7605545,0.5,10
reachfim_interval,11010002,7605657,0.5,10
reachfim_interval,11010002,7605875,0.5,10
reachfim_interval,11010002,7605551,0.5,10
reachfim_interval,11010002,7606595,0.5,10
reachfim_interval,11010002,7605873,0.5,10
reachfim_interval,11010002,25020902,0.5,10
reachfim_interval,11010002,7608057,0.5,10
reachfim_interval,11010002,7608055,0.5,10
reachfim_interval,11010002,7608053,0.5,10
reachfim_interval,11010002,7608051,0.5,10
reachfim_interval,11010002,7608049,0.5,10
reachfim_interval,11010002,7608047,0.5,10
reachfim_interval,11010002,7608045,0.5,10
reachfim_interval,11010002,7608043,0.5,10
reachfim_interval,10290106,7375217,0.5,10
reachfim_interval,10290106,7375315,0.5,10
reachfim_interval,10290106,7375753,0.5,10
reachfim_interval,11010002,7607319,0.5,10
reachfim_interval,11010002,7606999,0.5,10
reachfim_interval,11010002,7607251,0.5,10
reachfim_interval,11010002,7607315,0.5,10
reachfim_interval,11010002,7607903,0.5,10
reachfim_interval,11010002,7607577,0.5,10
reachfim_interval,11010002,7607661,0.5,10
reachfim_interval,11010002,7607665,0.5,10
reachfim_interval,11010002,7607887,0.5,10
reachfim_interval,11010002,7607385,0.5,10
reachfim_interval,11010002,7607411,0.5,10
reachfim_interval,11010002,7607057,0.5,10
reachfim_interval,11010002,7606985,0.5,10
