3628757
3627185
3629133
3627531
3630835
3630429
3630421
3629329
3629275
3629117
3627343
3629279
3627645
3627669
3627547
3628527
3628045
3629303
3630419
3628717
3627793
3629137
3629131
3629123
36272233629133
3629279
3627645
3627669
3627531
3630835
3628527
3630429
3628045
3629303
3630419
3630421
3628717
3628757
3629329
3627793
3629137
3629131
3627185
3629275
3629123
3629117
3627223
3627343
3627549
3627693
3627749
3629301
3629305
3629307
3629239
3628491
3628467
3627547
3628563
3628575
36293113629121
3629113
3629109
3629107
3629141
3629143
3630443
3627243
3629115
3627435
3629099
3627839
36304937374893
7375247
7375235
7374967
7375007
7376011
7374259
7374877
7374869
7374885
7375261
7375151
7374551
7374591
7374865
7375257
7374997
7374351
7374543
73764277374695
7374745
7374251
7374245
7374905
7376431
7376429
7376459
7375601
7374893
7375311
7375331
7374699
7374243
7374265
7374253
7374261
7375561
7376461
73728297374353
7372831
7372833
7372835
7374091
7376427
7374695
7376439
7374857
7375159
7375149
7375139
7374867
7374861
7374697
7374693
7374541
7374343
7374329
7374347
7372837
73728397376489
7372829
7374353
7375821
7376441
7376467
7376465
7376469
7376455
7376463
7375693
7374975
73752897389627
7389665
7389759
7389807
7389845
7389881
7389891
7389915
7389913
7389979
7389731
7389785
7389789
7389849
7376489
7373981
7373257
7374241
7374255
7374687
7376493
7373983
7376451
7388585
7388609
7388629
7388627
7388625
7389651
7389715
7389767
7389755
7389749
7389779
7389843
7389877
7389951
7372839
7374231
7372841
7374247
73899317388639
7390097
7390083
7390093
7389205
7390105
7389197
7389629
7390085
7389227
7389627
7390099
7389307
73900917388639
7390009
7607905
7607871
7607801
7607747
7607675
7607653
7607639
7607607
7607553
7607459
7607367
7607431
7607397
7607387
7607207
7607103
7607051
7605979
7390089
7390095
7607775
7607405
7607433
7607295
7607997
7607083
7605885
7390101
7390007
7607565
7605911